cl_id,pd_id,qnt,val,frm_pg
5117.0,1,1,75.0,1
1789.0,1,1,80.0,2
3688.0,1,1,70.0,1
1793.0,1,1,65.0,3
3686.0,1,1,70.0,1
3682.0,1,1,70.0,1
1798.0,1,1,70.0,1
1799.0,1,1,70.0,1
3681.0,1,1,70.0,1
3680.0,1,1,75.0,2
3678.0,1,1,75.0,1
3677.0,1,1,75.0,1
1805.0,1,1,25.0,2
1806.0,1,1,75.0,1
3676.0,1,1,75.0,1
1808.0,1,1,70.0,1
1788.0,1,1,75.0,1
3689.0,1,1,75.0,1
1785.0,1,1,40.0,1
1784.0,1,1,75.0,1
3705.0,1,1,65.0,3
1765.0,1,1,65.0,1
1766.0,1,1,65.0,3
1767.0,1,1,75.0,1
3704.0,1,1,75.0,1
1769.0,1,1,75.0,1
1771.0,1,1,75.0,1
3675.0,1,1,75.0,1
1773.0,1,1,75.0,1
3699.0,1,1,70.0,1
3697.0,1,1,75.0,1
3695.0,1,1,70.0,1
3694.0,1,1,70.0,1
1781.0,1,1,80.0,2
1782.0,1,1,80.0,2
3691.0,1,1,70.0,1
3700.0,1,1,75.0,2
3707.0,1,1,75.0,1
3674.0,1,1,75.0,1
3672.0,1,1,65.0,3
1840.0,1,1,65.0,3
1841.0,1,1,75.0,1
3649.0,1,1,75.0,1
3648.0,1,1,75.0,1
1844.0,1,1,75.0,1
3646.0,1,1,70.0,2
3644.0,1,1,75.0,1
3643.0,1,1,75.0,2
3641.0,1,1,230.0,5
3639.0,1,1,75.0,1
3636.0,1,1,75.0,1
3635.0,1,1,70.0,1
1854.0,1,1,80.0,2
3634.0,1,1,74.0,1
1856.0,1,1,75.0,1
1839.0,1,1,65.0,3
3650.0,1,1,75.0,1
1837.0,1,1,80.0,2
3652.0,1,1,75.0,1
3670.0,1,1,80.0,2
3665.0,1,1,75.0,1
1817.0,1,1,70.0,2
3664.0,1,1,70.0,1
1819.0,1,1,75.0,1
1820.0,1,1,75.0,1
3663.0,1,1,80.0,2
3673.0,1,1,65.0,3
1822.0,1,1,75.0,1
1825.0,1,1,80.0,2
3659.0,1,1,70.0,1
3658.0,1,1,75.0,1
3657.0,1,1,75.0,1
3656.0,1,1,75.0,1
3653.0,1,1,75.0,1
1834.0,1,1,65.0,3
3662.0,1,1,75.0,1
3632.0,1,1,70.0,1
1761.0,1,1,80.0,2
1759.0,1,1,75.0,1
1691.0,1,1,75.0,2
3759.0,1,1,75.0,2
1693.0,1,1,80.0,2
1695.0,1,1,75.0,1
3757.0,1,1,75.0,1
3756.0,1,1,75.0,1
1698.0,1,1,80.0,2
3754.0,1,1,75.0,2
1701.0,1,1,75.0,1
3753.0,1,1,70.0,1
3752.0,1,1,75.0,1
3751.0,1,1,75.0,1
3749.0,1,1,75.0,1
3747.0,1,1,80.0,2
3746.0,1,1,70.0,1
3760.0,1,1,65.0,3
3761.0,1,1,70.0,1
1688.0,1,1,80.0,2
1687.0,1,1,65.0,1
3780.0,1,1,75.0,1
1668.0,1,1,70.0,1
3778.0,1,1,75.0,1
3776.0,1,1,75.0,1
3774.0,1,1,80.0,2
3773.0,1,1,80.0,2
3772.0,1,1,75.0,1
3743.0,1,1,75.0,1
3771.0,1,1,75.0,2
1678.0,1,1,80.0,2
3767.0,1,1,70.0,3
1682.0,1,1,80.0,2
1683.0,1,1,75.0,1
3764.0,1,1,75.0,1
3763.0,1,1,75.0,1
3762.0,1,1,70.0,1
3769.0,1,1,70.0,1
1760.0,1,1,75.0,1
3742.0,1,1,75.0,1
1713.0,1,1,75.0,1
3723.0,1,1,75.0,1
3722.0,1,1,70.0,1
1740.0,1,1,70.0,1
1741.0,1,1,75.0,1
3721.0,1,1,65.0,3
1743.0,1,1,75.0,1
3719.0,1,1,75.0,1
3718.0,1,1,75.0,2
1746.0,1,1,70.0,1
3716.0,1,1,75.0,2
3715.0,1,1,75.0,1
1753.0,1,1,65.0,3
3711.0,1,1,75.0,1
1756.0,1,1,65.0,1
3709.0,1,1,75.0,1
1736.0,1,1,70.0,1
3726.0,1,1,65.0,3
3727.0,1,1,75.0,1
1733.0,1,1,75.0,1
3741.0,1,1,80.0,2
1715.0,1,1,65.0,3
3739.0,1,1,75.0,1
3737.0,1,1,75.0,1
3735.0,1,1,75.0,1
3734.0,1,1,75.0,2
3733.0,1,1,75.0,2
1712.0,1,1,65.0,3
1722.0,1,1,70.0,1
3730.0,1,1,75.0,1
1726.0,1,1,65.0,3
1727.0,1,1,70.0,1
1728.0,1,1,75.0,1
3728.0,1,1,80.0,2
1731.0,1,1,75.0,1
1732.0,1,1,75.0,2
3732.0,1,1,75.0,1
1860.0,1,1,65.0,3
3630.0,1,1,75.0,3
3628.0,1,1,75.0,1
1999.0,1,1,70.0,1
3507.0,1,1,75.0,1
3505.0,1,1,75.0,1
3504.0,1,1,70.0,1
3503.0,1,1,75.0,1
3502.0,1,1,75.0,1
3501.0,1,1,80.0,2
3500.0,1,1,75.0,1
3499.0,1,1,75.0,1
3498.0,1,1,80.0,2
2009.0,1,1,80.0,2
3497.0,1,1,75.0,1
3496.0,1,1,75.0,1
3493.0,1,1,80.0,2
2013.0,1,1,65.0,3
3508.0,1,1,75.0,1
1997.0,1,1,75.0,1
3509.0,1,1,75.0,1
3511.0,1,1,75.0,2
1970.0,1,1,70.0,1
3533.0,1,1,75.0,2
1972.0,1,1,70.0,1
1973.0,1,1,80.0,2
3529.0,1,1,65.0,3
1977.0,1,1,70.0,1
1979.0,1,1,80.0,2
2014.0,1,1,70.0,1
3525.0,1,1,65.0,3
3522.0,1,1,75.0,1
3521.0,1,1,75.0,1
3520.0,1,1,75.0,1
3519.0,1,1,75.0,1
1988.0,1,1,75.0,1
3518.0,1,1,75.0,1
3517.0,1,1,75.0,2
1981.0,1,1,75.0,1
3535.0,1,1,75.0,3
3488.0,1,1,75.0,2
3487.0,1,1,80.0,2
3464.0,1,1,75.0,1
2049.0,1,1,75.0,1
3461.0,1,1,75.0,1
3459.0,1,1,75.0,1
3458.0,1,1,80.0,2
3457.0,1,1,75.0,1
3456.0,1,1,75.0,1
3455.0,1,1,70.0,1
3453.0,1,1,75.0,1
3452.0,1,1,80.0,2
2059.0,1,1,70.0,1
3451.0,1,1,75.0,3
3450.0,1,1,75.0,1
2062.0,1,1,75.0,2
3448.0,1,1,70.0,1
3465.0,1,1,70.0,1
3466.0,1,1,80.0,2
3467.0,1,1,70.0,1
3469.0,1,1,75.0,1
3486.0,1,1,65.0,3
3485.0,1,1,70.0,1
2023.0,1,1,65.0,1
3484.0,1,1,65.0,3
3482.0,1,1,75.0,1
2026.0,1,1,80.0,2
3480.0,1,1,75.0,2
2018.0,1,1,80.0,2
3479.0,1,1,75.0,1
3476.0,1,1,75.0,1
2036.0,1,1,75.0,1
2037.0,1,1,75.0,1
2038.0,1,1,75.0,1
3470.0,1,1,75.0,1
2040.0,1,1,65.0,3
2041.0,1,1,75.0,1
3477.0,1,1,75.0,1
3537.0,1,1,80.0,2
3540.0,1,1,75.0,1
1962.0,1,1,75.0,2
1889.0,1,1,65.0,3
1890.0,1,1,70.0,1
3601.0,1,1,70.0,1
1892.0,1,1,65.0,1
3599.0,1,1,70.0,1
3597.0,1,1,75.0,1
3595.0,1,1,80.0,2
1897.0,1,1,70.0,1
1899.0,1,1,80.0,2
1900.0,1,1,70.0,1
1901.0,1,1,80.0,2
1902.0,1,1,70.0,1
1904.0,1,1,80.0,2
3593.0,1,1,75.0,2
1906.0,1,1,70.0,1
3602.0,1,1,75.0,2
3603.0,1,1,65.0,3
1886.0,1,1,75.0,1
3605.0,1,1,75.0,2
3627.0,1,1,75.0,3
1865.0,1,1,75.0,1
3625.0,1,1,70.0,1
1868.0,1,1,70.0,1
1869.0,1,1,80.0,2
1870.0,1,1,80.0,2
3624.0,1,1,70.0,1
3592.0,1,1,65.0,3
3623.0,1,1,75.0,1
3617.0,1,1,70.0,1
3615.0,1,1,75.0,1
1877.0,1,1,65.0,3
1880.0,1,1,70.0,1
3609.0,1,1,75.0,2
1882.0,1,1,75.0,1
3607.0,1,1,75.0,1
3618.0,1,1,70.0,3
3590.0,1,1,75.0,2
3589.0,1,1,70.0,1
1910.0,1,1,75.0,2
1940.0,1,1,75.0,1
3563.0,1,1,70.0,2
3562.0,1,1,65.0,3
1944.0,1,1,80.0,2
3558.0,1,1,75.0,2
1947.0,1,1,75.0,2
3557.0,1,1,75.0,1
3568.0,1,1,72.0,1
3549.0,1,1,75.0,1
3547.0,1,1,75.0,3
1954.0,1,1,70.0,1
1955.0,1,1,80.0,2
3543.0,1,1,75.0,1
1958.0,1,1,65.0,3
3542.0,1,1,75.0,1
1960.0,1,1,75.0,1
1951.0,1,1,70.0,1
3781.0,1,1,75.0,2
3570.0,1,1,70.0,1
1933.0,1,1,75.0,1
1911.0,1,1,65.0,3
1912.0,1,1,75.0,1
1914.0,1,1,80.0,2
1915.0,1,1,70.0,2
1917.0,1,1,75.0,2
3584.0,1,1,75.0,1
3582.0,1,1,75.0,1
3571.0,1,1,65.0,3
3580.0,1,1,70.0,1
3579.0,1,1,80.0,2
3578.0,1,1,75.0,2
1927.0,1,1,70.0,1
1929.0,1,1,75.0,1
3576.0,1,1,70.0,3
3575.0,1,1,75.0,1
3574.0,1,1,75.0,1
1924.0,1,1,70.0,1
3782.0,1,1,75.0,1
3783.0,1,1,75.0,1
1662.0,1,1,65.0,3
4002.0,1,1,75.0,1
4001.0,1,1,75.0,1
1400.0,1,1,80.0,2
3999.0,1,1,75.0,1
1404.0,1,1,75.0,1
3994.0,1,1,75.0,1
3990.0,1,1,75.0,1
1410.0,1,1,70.0,1
1411.0,1,1,80.0,2
3989.0,1,1,75.0,1
1413.0,1,1,75.0,1
2834.0,1,1,75.0,1
3984.0,1,1,75.0,1
1418.0,1,1,70.0,1
3983.0,1,1,75.0,1
4003.0,1,1,75.0,1
4004.0,1,1,70.0,3
1394.0,1,1,60.0,5
1393.0,1,1,75.0,1
4018.0,1,1,75.0,2
4017.0,1,1,70.0,1
1376.0,1,1,80.0,2
1377.0,1,1,65.0,3
4016.0,1,1,75.0,1
4015.0,1,1,70.0,1
4013.0,1,1,75.0,1
1420.0,1,1,80.0,2
4012.0,1,1,75.0,1
4008.0,1,1,70.0,1
4007.0,1,1,70.0,1
1388.0,1,1,75.0,1
1389.0,1,1,80.0,2
4005.0,1,1,80.0,2
1391.0,1,1,65.0,3
1392.0,1,1,80.0,2
4009.0,1,1,75.0,1
1373.0,1,1,40.0,2
3982.0,1,1,75.0,1
1423.0,1,1,65.0,3
3963.0,1,1,75.0,2
3962.0,1,1,75.0,1
1451.0,1,1,75.0,1
1452.0,1,1,80.0,2
3961.0,1,1,70.0,3
3960.0,1,1,75.0,1
3959.0,1,1,75.0,1
3958.0,1,1,75.0,1
3955.0,1,1,75.0,2
1459.0,1,1,75.0,1
1460.0,1,1,75.0,1
3953.0,1,1,80.0,2
3952.0,1,1,75.0,1
1463.0,1,1,65.0,3
3950.0,1,1,80.0,2
1448.0,1,1,70.0,1
1447.0,1,1,75.0,1
3964.0,1,1,70.0,1
1443.0,1,1,65.0,3
1424.0,1,1,75.0,1
1425.0,1,1,70.0,1
3980.0,1,1,75.0,1
1427.0,1,1,75.0,1
1428.0,1,1,65.0,3
3979.0,1,1,70.0,3
1430.0,1,1,70.0,1
3981.0,1,1,75.0,1
1431.0,1,1,65.0,3
1435.0,1,1,65.0,3
3973.0,1,1,75.0,1
3972.0,1,1,70.0,1
3971.0,1,1,75.0,2
3969.0,1,1,75.0,1
3968.0,1,1,75.0,1
1442.0,1,1,70.0,1
3978.0,1,1,80.0,2
4019.0,1,1,75.0,1
1371.0,1,1,70.0,1
4020.0,1,1,75.0,2
4071.0,1,1,75.0,1
4070.0,1,1,80.0,2
4069.0,1,1,80.0,2
4068.0,1,1,70.0,3
1306.0,1,1,70.0,1
1307.0,1,1,75.0,2
4066.0,1,1,80.0,2
4065.0,1,1,75.0,2
4063.0,1,1,75.0,2
4062.0,1,1,75.0,1
1314.0,1,1,70.0,1
4061.0,1,1,80.0,2
1316.0,1,1,75.0,1
1317.0,1,1,75.0,1
4060.0,1,1,75.0,2
4072.0,1,1,75.0,1
1300.0,1,1,75.0,1
4074.0,1,1,75.0,1
1297.0,1,1,75.0,1
4086.0,1,1,70.0,1
4085.0,1,1,70.0,3
1282.0,1,1,75.0,1
1283.0,1,1,80.0,2
4084.0,1,1,75.0,1
1285.0,1,1,65.0,3
4081.0,1,1,70.0,1
4059.0,1,1,75.0,3
4080.0,1,1,75.0,1
1290.0,1,1,75.0,2
1291.0,1,1,80.0,2
4079.0,1,1,70.0,1
4078.0,1,1,75.0,1
4077.0,1,1,70.0,1
4076.0,1,1,75.0,1
4075.0,1,1,75.0,1
1289.0,1,1,75.0,2
4058.0,1,1,75.0,1
4057.0,1,1,75.0,1
1322.0,1,1,80.0,2
4036.0,1,1,70.0,3
4035.0,1,1,70.0,1
4034.0,1,1,80.0,2
1352.0,1,1,75.0,1
4033.0,1,1,70.0,1
1354.0,1,1,70.0,1
4031.0,1,1,80.0,2
1348.0,1,1,75.0,1
4027.0,1,1,75.0,1
4026.0,1,1,75.0,1
1363.0,1,1,70.0,1
4024.0,1,1,75.0,2
4023.0,1,1,75.0,1
4022.0,1,1,70.0,3
1368.0,1,1,75.0,1
4021.0,1,1,75.0,2
1361.0,1,1,75.0,1
1466.0,1,1,75.0,2
4039.0,1,1,75.0,2
1343.0,1,1,75.0,1
4056.0,1,1,70.0,3
1325.0,1,1,75.0,1
1326.0,1,1,65.0,3
4054.0,1,1,75.0,1
4052.0,1,1,75.0,1
4051.0,1,1,74.0,1
4048.0,1,1,75.0,1
4043.0,1,1,70.0,1
4047.0,1,1,70.0,1
1335.0,1,1,65.0,3
1336.0,1,1,65.0,3
1337.0,1,1,75.0,1
4045.0,1,1,75.0,2
1339.0,1,1,80.0,2
4044.0,1,1,75.0,1
1342.0,1,1,80.0,2
4046.0,1,1,75.0,1
3444.0,1,1,75.0,1
3949.0,1,1,80.0,2
1469.0,1,1,65.0,3
1597.0,1,1,65.0,1
1598.0,1,1,70.0,1
3835.0,1,1,75.0,1
3834.0,1,1,75.0,3
1603.0,1,1,70.0,1
3833.0,1,1,75.0,2
3832.0,1,1,75.0,1
1606.0,1,1,70.0,1
1607.0,1,1,70.0,1
3831.0,1,1,75.0,2
3828.0,1,1,80.0,2
3827.0,1,1,75.0,1
3826.0,1,1,75.0,1
3825.0,1,1,75.0,1
3823.0,1,1,75.0,1
3839.0,1,1,35.0,2
3840.0,1,1,80.0,2
3842.0,1,1,75.0,2
3843.0,1,1,80.0,2
3865.0,1,1,80.0,2
3862.0,1,1,70.0,3
1573.0,1,1,70.0,1
3857.0,1,1,75.0,1
1576.0,1,1,65.0,1
1577.0,1,1,75.0,1
3855.0,1,1,75.0,2
1616.0,1,1,80.0,2
3854.0,1,1,75.0,2
3851.0,1,1,75.0,1
1583.0,1,1,75.0,1
3850.0,1,1,75.0,5
3849.0,1,1,75.0,1
3847.0,1,1,75.0,1
1587.0,1,1,80.0,2
3844.0,1,1,75.0,2
3852.0,1,1,70.0,1
1568.0,1,1,75.0,1
1617.0,1,1,75.0,1
3822.0,1,1,75.0,1
3802.0,1,1,65.0,3
3800.0,1,1,70.0,3
3798.0,1,1,75.0,1
1649.0,1,1,70.0,1
1650.0,1,1,80.0,2
3797.0,1,1,74.0,1
3795.0,1,1,80.0,2
1653.0,1,1,65.0,1
1654.0,1,1,70.0,2
3794.0,1,1,75.0,1
1656.0,1,1,70.0,1
3793.0,1,1,65.0,3
3792.0,1,1,65.0,1
3791.0,1,1,75.0,1
3786.0,1,1,75.0,3
1643.0,1,1,75.0,1
1642.0,1,1,75.0,1
1641.0,1,1,75.0,1
3803.0,1,1,75.0,2
1620.0,1,1,65.0,3
1621.0,1,1,65.0,1
3820.0,1,1,70.0,3
3819.0,1,1,80.0,2
1624.0,1,1,75.0,2
3817.0,1,1,75.0,1
3816.0,1,1,75.0,2
1618.0,1,1,75.0,1
3815.0,1,1,80.0,2
1629.0,1,1,75.0,1
3813.0,1,1,70.0,3
3811.0,1,1,75.0,1
1634.0,1,1,75.0,1
3806.0,1,1,75.0,3
1637.0,1,1,75.0,1
3804.0,1,1,65.0,1
3814.0,1,1,75.0,3
1567.0,1,1,65.0,3
3868.0,1,1,70.0,3
1563.0,1,1,80.0,2
3925.0,1,1,75.0,1
1496.0,1,1,80.0,2
3923.0,1,1,80.0,2
1498.0,1,1,80.0,2
3922.0,1,1,70.0,1
3921.0,1,1,70.0,3
3920.0,1,1,75.0,1
3919.0,1,1,75.0,1
1503.0,1,1,80.0,2
1504.0,1,1,165.0,2
3918.0,1,1,75.0,1
3917.0,1,1,70.0,1
3915.0,1,1,75.0,1
1508.0,1,1,70.0,1
3914.0,1,1,75.0,1
3926.0,1,1,75.0,2
3927.0,1,1,75.0,1
3928.0,1,1,75.0,1
3934.0,1,1,75.0,1
3946.0,1,1,70.0,1
3945.0,1,1,75.0,1
3944.0,1,1,75.0,1
3943.0,1,1,70.0,3
3942.0,1,1,70.0,3
3941.0,1,1,70.0,1
3940.0,1,1,75.0,1
1510.0,1,1,70.0,1
1478.0,1,1,70.0,1
3939.0,1,1,75.0,1
3938.0,1,1,75.0,1
3937.0,1,1,70.0,3
3935.0,1,1,75.0,2
1484.0,1,1,65.0,3
1485.0,1,1,75.0,1
1486.0,1,1,65.0,3
1479.0,1,1,75.0,1
3913.0,1,1,80.0,2
3911.0,1,1,75.0,1
1513.0,1,1,65.0,3
3887.0,1,1,75.0,1
3886.0,1,1,75.0,1
3884.0,1,1,75.0,1
3883.0,1,1,80.0,2
1548.0,1,1,75.0,1
3882.0,1,1,75.0,1
1550.0,1,1,65.0,3
1542.0,1,1,75.0,2
3881.0,1,1,70.0,1
3879.0,1,1,70.0,2
3877.0,1,1,75.0,1
3876.0,1,1,70.0,1
3874.0,1,1,75.0,1
3873.0,1,1,75.0,1
3872.0,1,1,70.0,1
3870.0,1,1,75.0,2
3880.0,1,1,75.0,2
3948.0,1,1,75.0,2
3889.0,1,1,65.0,3
3890.0,1,1,70.0,3
3909.0,1,1,75.0,1
3908.0,1,1,75.0,1
1517.0,1,1,65.0,3
1520.0,1,1,70.0,1
3905.0,1,1,75.0,1
3904.0,1,1,75.0,1
3903.0,1,1,75.0,1
1540.0,1,1,80.0,2
3902.0,1,1,75.0,3
3900.0,1,1,75.0,1
3898.0,1,1,75.0,2
3897.0,1,1,80.0,2
3896.0,1,1,75.0,1
1536.0,1,1,70.0,1
3892.0,1,1,75.0,1
3891.0,1,1,70.0,3
1526.0,1,1,75.0,1
4087.0,1,1,80.0,2
3443.0,1,1,65.0,3
2067.0,1,1,80.0,2
3026.0,1,1,74.0,1
2584.0,1,1,65.0,3
3023.0,1,1,75.0,2
2586.0,1,1,65.0,3
2587.0,1,1,70.0,1
3020.0,1,1,75.0,1
2590.0,1,1,75.0,2
3018.0,1,1,70.0,1
2592.0,1,1,75.0,1
3016.0,1,1,75.0,1
3015.0,1,1,75.0,2
3014.0,1,1,80.0,2
2596.0,1,1,70.0,1
2597.0,1,1,75.0,3
2598.0,1,1,70.0,1
2581.0,1,1,70.0,1
2580.0,1,1,75.0,2
2579.0,1,1,75.0,1
3027.0,1,1,80.0,2
3036.0,1,1,75.0,1
2560.0,1,1,80.0,2
2561.0,1,1,75.0,1
2563.0,1,1,70.0,1
2564.0,1,1,70.0,1
3033.0,1,1,75.0,1
3032.0,1,1,75.0,1
3013.0,1,1,65.0,3
2567.0,1,1,65.0,3
2569.0,1,1,70.0,1
2570.0,1,1,70.0,1
2571.0,1,1,230.0,2
2572.0,1,1,75.0,1
2573.0,1,1,75.0,1
2575.0,1,1,70.0,1
3030.0,1,1,80.0,1
2568.0,1,1,75.0,1
3037.0,1,1,80.0,1
3011.0,1,1,75.0,1
3010.0,1,1,70.0,1
2996.0,1,1,80.0,1
2628.0,1,1,75.0,1
2994.0,1,1,70.0,1
2630.0,1,1,70.0,1
2993.0,1,1,65.0,3
2632.0,1,1,70.0,1
2633.0,1,1,75.0,1
2634.0,1,1,75.0,1
2991.0,1,1,80.0,2
2989.0,1,1,80.0,2
2988.0,1,1,80.0,1
2638.0,1,1,70.0,1
2987.0,1,1,80.0,2
2640.0,1,1,65.0,3
2641.0,1,1,75.0,1
2626.0,1,1,75.0,1
2625.0,1,1,70.0,1
2998.0,1,1,80.0,2
2622.0,1,1,75.0,1
2604.0,1,1,70.0,1
3008.0,1,1,80.0,2
2607.0,1,1,75.0,1
2608.0,1,1,75.0,3
2610.0,1,1,70.0,1
3003.0,1,1,75.0,1
3002.0,1,1,75.0,1
2602.0,1,1,65.0,1
3001.0,1,1,75.0,1
2615.0,1,1,75.0,2
2616.0,1,1,75.0,1
3000.0,1,1,75.0,1
2999.0,1,1,80.0,3
2619.0,1,1,65.0,3
2620.0,1,1,75.0,1
2621.0,1,1,80.0,2
2614.0,1,1,70.0,1
2986.0,1,1,75.0,1
3043.0,1,1,70.0,1
3044.0,1,1,75.0,1
2487.0,1,1,170.0,1
2488.0,1,1,70.0,1
2491.0,1,1,70.0,1
2492.0,1,1,65.0,3
2493.0,1,1,80.0,2
3089.0,1,1,70.0,1
2497.0,1,1,75.0,1
2498.0,1,1,65.0,3
3088.0,1,1,75.0,2
2500.0,1,1,70.0,1
3085.0,1,1,75.0,1
3083.0,1,1,75.0,3
3080.0,1,1,70.0,1
2508.0,1,1,65.0,1
3078.0,1,1,75.0,1
3097.0,1,1,80.0,1
3098.0,1,1,80.0,1
2484.0,1,1,70.0,1
3099.0,1,1,70.0,1
2464.0,1,1,80.0,2
2465.0,1,1,80.0,2
2467.0,1,1,75.0,2
2468.0,1,1,75.0,1
2469.0,1,1,75.0,2
2470.0,1,1,70.0,1
2471.0,1,1,80.0,2
3077.0,1,1,75.0,1
3105.0,1,1,75.0,1
2474.0,1,1,75.0,1
2475.0,1,1,70.0,1
3104.0,1,1,75.0,1
2477.0,1,1,70.0,1
3102.0,1,1,80.0,2
3101.0,1,1,80.0,2
2481.0,1,1,70.0,1
2473.0,1,1,75.0,1
2555.0,1,1,65.0,3
2512.0,1,1,75.0,2
2516.0,1,1,75.0,1
3057.0,1,1,65.0,3
3054.0,1,1,75.0,1
3052.0,1,1,80.0,2
5116.0,1,1,70.0,1
3051.0,1,1,75.0,1
3050.0,1,1,75.0,1
2545.0,1,1,70.0,1
3049.0,1,1,65.0,3
2547.0,1,1,75.0,2
2548.0,1,1,75.0,1
3048.0,1,1,75.0,1
3046.0,1,1,65.0,3
2551.0,1,1,60.0,1
2552.0,1,1,75.0,1
3045.0,1,1,70.0,1
3058.0,1,1,80.0,1
3059.0,1,1,80.0,2
2536.0,1,1,75.0,1
2535.0,1,1,70.0,1
2517.0,1,1,70.0,1
2518.0,1,1,65.0,3
2519.0,1,1,70.0,1
3067.0,1,1,75.0,1
2523.0,1,1,65.0,1
3065.0,1,1,63.0,1
3064.0,1,1,80.0,1
3069.0,1,1,65.0,2
2526.0,1,1,75.0,1
2528.0,1,1,80.0,2
3062.0,1,1,80.0,2
2530.0,1,1,70.0,1
2531.0,1,1,70.0,1
3061.0,1,1,75.0,1
3060.0,1,1,80.0,1
2534.0,1,1,75.0,1
2527.0,1,1,75.0,1
2643.0,1,1,75.0,1
2644.0,1,1,70.0,2
2984.0,1,1,75.0,1
2888.0,1,1,70.0,1
2887.0,1,1,70.0,1
2886.0,1,1,70.0,1
2774.0,1,1,65.0,3
2775.0,1,1,75.0,1
2776.0,1,1,75.0,2
2778.0,1,1,75.0,1
2877.0,1,1,75.0,1
2874.0,1,1,70.0,1
2783.0,1,1,75.0,1
2784.0,1,1,65.0,3
2785.0,1,1,70.0,1
2872.0,1,1,70.0,1
2787.0,1,1,65.0,1
2870.0,1,1,80.0,2
2889.0,1,1,75.0,2
2890.0,1,1,75.0,2
2892.0,1,1,70.0,2
2767.0,1,1,70.0,1
2904.0,1,1,70.0,1
2749.0,1,1,75.0,1
2750.0,1,1,80.0,2
2901.0,1,1,70.0,1
2752.0,1,1,75.0,3
2899.0,1,1,75.0,2
2755.0,1,1,80.0,2
2790.0,1,1,70.0,1
2756.0,1,1,70.0,1
2758.0,1,1,75.0,1
2759.0,1,1,70.0,1
2761.0,1,1,75.0,2
2895.0,1,1,70.0,2
2763.0,1,1,70.0,1
2893.0,1,1,70.0,1
2766.0,1,1,70.0,3
2897.0,1,1,70.0,2
2747.0,1,1,70.0,1
2791.0,1,1,75.0,2
2794.0,1,1,70.0,1
2849.0,1,1,70.0,1
2847.0,1,1,75.0,1
2844.0,1,1,70.0,1
2821.0,1,1,75.0,1
2822.0,1,1,70.0,1
2823.0,1,1,70.0,1
2824.0,1,1,70.0,1
2825.0,1,1,75.0,2
2843.0,1,1,70.0,1
2842.0,1,1,70.0,1
2828.0,1,1,70.0,1
2841.0,1,1,70.0,1
2840.0,1,1,70.0,1
2832.0,1,1,75.0,2
2833.0,1,1,70.0,1
2817.0,1,1,75.0,1
2850.0,1,1,65.0,3
2815.0,1,1,75.0,1
2852.0,1,1,75.0,1
2867.0,1,1,75.0,1
2865.0,1,1,70.0,1
2797.0,1,1,70.0,1
2863.0,1,1,70.0,2
2799.0,1,1,75.0,1
2862.0,1,1,70.0,1
2801.0,1,1,70.0,1
2869.0,1,1,75.0,1
2861.0,1,1,70.0,1
2857.0,1,1,70.0,1
2806.0,1,1,75.0,2
2808.0,1,1,75.0,1
2853.0,1,1,70.0,1
2810.0,1,1,75.0,1
2811.0,1,1,70.0,1
2812.0,1,1,65.0,3
2859.0,1,1,70.0,1
2745.0,1,1,70.0,1
2905.0,1,1,70.0,1
2906.0,1,1,75.0,2
2673.0,1,1,65.0,3
2674.0,1,1,75.0,1
2968.0,1,1,70.0,1
2676.0,1,1,65.0,3
2967.0,1,1,75.0,1
2678.0,1,1,70.0,1
2966.0,1,1,75.0,2
2680.0,1,1,75.0,1
2964.0,1,1,75.0,1
2962.0,1,1,70.0,1
2958.0,1,1,70.0,1
2957.0,1,1,65.0,3
2956.0,1,1,75.0,2
2687.0,1,1,65.0,1
2955.0,1,1,75.0,2
2672.0,1,1,70.0,1
2969.0,1,1,75.0,1
2670.0,1,1,70.0,1
2669.0,1,1,70.0,1
2646.0,1,1,75.0,3
2983.0,1,1,80.0,1
2648.0,1,1,70.0,1
2981.0,1,1,80.0,1
2650.0,1,1,70.0,1
2651.0,1,1,70.0,1
2652.0,1,1,70.0,1
2690.0,1,1,70.0,1
2653.0,1,1,75.0,1
2657.0,1,1,70.0,1
2978.0,1,1,75.0,1
2660.0,1,1,70.0,1
2977.0,1,1,74.0,1
2662.0,1,1,70.0,1
2976.0,1,1,75.0,1
2971.0,1,1,75.0,1
2655.0,1,1,80.0,2
2691.0,1,1,70.0,1
2951.0,1,1,70.0,1
2949.0,1,1,70.0,1
2720.0,1,1,75.0,1
2721.0,1,1,75.0,2
2723.0,1,1,75.0,1
2925.0,1,1,70.0,1
2726.0,1,1,65.0,1
2728.0,1,1,70.0,1
2923.0,1,1,70.0,1
2927.0,1,1,75.0,1
2922.0,1,1,80.0,2
2919.0,1,1,70.0,1
2917.0,1,1,75.0,2
2735.0,1,1,70.0,1
2911.0,1,1,75.0,1
2739.0,1,1,75.0,1
2910.0,1,1,70.0,2
2909.0,1,1,70.0,1
2921.0,1,1,65.0,3
2463.0,1,1,20.0,2
2930.0,1,1,70.0,1
2931.0,1,1,75.0,1
2694.0,1,1,75.0,1
2947.0,1,1,75.0,1
2946.0,1,1,70.0,1
2698.0,1,1,70.0,1
2943.0,1,1,70.0,1
2700.0,1,1,75.0,1
2942.0,1,1,70.0,1
2717.0,1,1,65.0,3
2702.0,1,1,75.0,1
2938.0,1,1,75.0,2
2705.0,1,1,65.0,3
2937.0,1,1,75.0,1
2709.0,1,1,70.0,1
2933.0,1,1,75.0,1
2713.0,1,1,70.0,1
2714.0,1,1,65.0,1
2941.0,1,1,75.0,2
2462.0,1,1,75.0,2
3111.0,1,1,200.0,1
2457.0,1,1,75.0,1
2191.0,1,1,70.0,1
2192.0,1,1,75.0,2
2193.0,1,1,75.0,3
2194.0,1,1,75.0,2
2195.0,1,1,80.0,2
2198.0,1,1,75.0,1
3340.0,1,1,80.0,2
2201.0,1,1,75.0,1
2204.0,1,1,75.0,2
3335.0,1,1,75.0,1
3334.0,1,1,75.0,1
3332.0,1,1,75.0,1
2208.0,1,1,75.0,1
3330.0,1,1,80.0,2
2210.0,1,1,75.0,1
3346.0,1,1,75.0,1
2188.0,1,1,75.0,1
3347.0,1,1,75.0,1
2186.0,1,1,75.0,1
3364.0,1,1,75.0,1
3362.0,1,1,75.0,2
2169.0,1,1,230.0,1
2170.0,1,1,75.0,1
2171.0,1,1,75.0,1
3358.0,1,1,80.0,1
2174.0,1,1,75.0,1
3328.0,1,1,80.0,2
3357.0,1,1,75.0,1
2178.0,1,1,75.0,1
3353.0,1,1,80.0,2
2181.0,1,1,75.0,2
2182.0,1,1,75.0,1
3350.0,1,1,75.0,2
3349.0,1,1,75.0,1
3348.0,1,1,75.0,1
3355.0,1,1,75.0,1
3365.0,1,1,75.0,1
2212.0,1,1,200.0,2
2214.0,1,1,75.0,1
3301.0,1,1,75.0,1
2243.0,1,1,75.0,1
2244.0,1,1,75.0,1
2245.0,1,1,70.0,1
2246.0,1,1,65.0,3
3298.0,1,1,75.0,2
3297.0,1,1,65.0,3
3296.0,1,1,80.0,2
3294.0,1,1,75.0,1
3292.0,1,1,75.0,1
2253.0,1,1,65.0,3
2254.0,1,1,65.0,3
3291.0,1,1,80.0,2
3290.0,1,1,75.0,1
3289.0,1,1,80.0,2
3302.0,1,1,80.0,2
2239.0,1,1,75.0,1
3303.0,1,1,75.0,1
2237.0,1,1,75.0,1
3326.0,1,1,75.0,1
2216.0,1,1,65.0,1
2217.0,1,1,75.0,1
3324.0,1,1,75.0,2
2220.0,1,1,75.0,1
3323.0,1,1,70.0,1
2222.0,1,1,75.0,1
3327.0,1,1,75.0,1
3321.0,1,1,75.0,1
3317.0,1,1,75.0,1
2229.0,1,1,70.0,1
3310.0,1,1,80.0,2
3309.0,1,1,70.0,1
3306.0,1,1,75.0,1
2235.0,1,1,70.0,1
2236.0,1,1,65.0,3
3320.0,1,1,80.0,2
3366.0,1,1,80.0,2
3367.0,1,1,75.0,1
3369.0,1,1,75.0,1
2092.0,1,1,65.0,3
2093.0,1,1,75.0,1
3429.0,1,1,75.0,1
3428.0,1,1,75.0,1
2096.0,1,1,80.0,2
3427.0,1,1,80.0,2
3425.0,1,1,70.0,1
2099.0,1,1,70.0,1
2100.0,1,1,70.0,1
3424.0,1,1,75.0,1
2102.0,1,1,65.0,3
3421.0,1,1,75.0,1
3420.0,1,1,75.0,1
3419.0,1,1,75.0,1
3417.0,1,1,70.0,1
2091.0,1,1,70.0,1
2090.0,1,1,75.0,1
2089.0,1,1,70.0,1
2087.0,1,1,75.0,1
3442.0,1,1,75.0,1
2069.0,1,1,75.0,2
3440.0,1,1,75.0,1
2071.0,1,1,75.0,1
3437.0,1,1,75.0,1
3436.0,1,1,70.0,1
3434.0,1,1,75.0,1
2107.0,1,1,75.0,1
2075.0,1,1,80.0,2
2077.0,1,1,75.0,1
2079.0,1,1,80.0,2
3433.0,1,1,75.0,1
3432.0,1,1,75.0,1
2082.0,1,1,75.0,1
2084.0,1,1,75.0,1
3431.0,1,1,70.0,1
2076.0,1,1,80.0,2
3416.0,1,1,75.0,1
3415.0,1,1,65.0,3
2110.0,1,1,65.0,1
3393.0,1,1,75.0,1
3390.0,1,1,80.0,2
3389.0,1,1,75.0,1
2142.0,1,1,65.0,3
3387.0,1,1,75.0,1
3386.0,1,1,75.0,1
3384.0,1,1,75.0,1
2138.0,1,1,65.0,3
2147.0,1,1,75.0,1
3383.0,1,1,75.0,1
2151.0,1,1,65.0,1
3377.0,1,1,75.0,1
3373.0,1,1,75.0,2
2156.0,1,1,70.0,1
2158.0,1,1,40.0,2
3371.0,1,1,80.0,2
2148.0,1,1,75.0,1
3288.0,1,1,75.0,1
2136.0,1,1,70.0,1
3397.0,1,1,70.0,1
3413.0,1,1,75.0,3
2113.0,1,1,75.0,1
3410.0,1,1,75.0,1
3408.0,1,1,70.0,1
2119.0,1,1,70.0,1
2120.0,1,1,75.0,1
2121.0,1,1,75.0,1
3396.0,1,1,65.0,3
2122.0,1,1,70.0,1
3405.0,1,1,75.0,1
2126.0,1,1,80.0,2
3402.0,1,1,70.0,3
2129.0,1,1,70.0,1
3399.0,1,1,75.0,1
3398.0,1,1,75.0,2
2132.0,1,1,65.0,1
3406.0,1,1,75.0,1
2066.0,1,1,75.0,1
2260.0,1,1,65.0,1
2262.0,1,1,75.0,1
2395.0,1,1,75.0,2
2396.0,1,1,75.0,1
2398.0,1,1,70.0,1
2399.0,1,1,65.0,1
2400.0,1,1,75.0,1
3153.0,1,1,75.0,1
3151.0,1,1,65.0,1
2405.0,1,1,70.0,1
2406.0,1,1,75.0,1
3150.0,1,1,75.0,1
2408.0,1,1,65.0,1
2409.0,1,1,70.0,1
3148.0,1,1,75.0,1
2411.0,1,1,75.0,1
3143.0,1,1,75.0,1
2394.0,1,1,70.0,1
3157.0,1,1,80.0,1
3158.0,1,1,80.0,2
2390.0,1,1,65.0,4
3175.0,1,1,65.0,3
3174.0,1,1,80.0,1
3172.0,1,1,75.0,2
2376.0,1,1,80.0,2
2377.0,1,1,75.0,3
2378.0,1,1,70.0,1
3171.0,1,1,75.0,1
3141.0,1,1,70.0,5
2380.0,1,1,75.0,1
3170.0,1,1,80.0,2
3169.0,1,1,75.0,2
3168.0,1,1,75.0,1
3167.0,1,1,70.0,1
3160.0,1,1,65.0,3
2388.0,1,1,75.0,1
2389.0,1,1,75.0,1
2381.0,1,1,70.0,1
2372.0,1,1,65.0,3
3140.0,1,1,35.0,2
2416.0,1,1,70.0,1
2442.0,1,1,65.0,3
3125.0,1,1,75.0,1
3124.0,1,1,65.0,3
3123.0,1,1,75.0,1
3120.0,1,1,75.0,1
3119.0,1,1,80.0,2
2448.0,1,1,75.0,2
3118.0,1,1,80.0,2
3117.0,1,1,80.0,2
2451.0,1,1,65.0,3
2452.0,1,1,75.0,1
3116.0,1,1,75.0,1
3114.0,1,1,80.0,2
2455.0,1,1,75.0,2
2456.0,1,1,75.0,1
3127.0,1,1,75.0,1
3128.0,1,1,65.0,1
2438.0,1,1,75.0,1
2437.0,1,1,65.0,3
3138.0,1,1,80.0,1
2419.0,1,1,70.0,1
3137.0,1,1,80.0,1
2421.0,1,1,70.0,1
2422.0,1,1,70.0,1
3135.0,1,1,80.0,2
2425.0,1,1,80.0,2
2415.0,1,1,75.0,1
3133.0,1,1,80.0,2
2429.0,1,1,65.0,3
2431.0,1,1,70.0,1
2432.0,1,1,75.0,5
2433.0,1,1,80.0,2
2434.0,1,1,75.0,1
2435.0,1,1,65.0,1
2436.0,1,1,70.0,3
2428.0,1,1,75.0,1
2371.0,1,1,74.0,1
3176.0,1,1,75.0,1
2369.0,1,1,70.0,1
2291.0,1,1,75.0,1
3262.0,1,1,80.0,2
3260.0,1,1,75.0,2
2294.0,1,1,70.0,2
3259.0,1,1,75.0,1
3258.0,1,1,75.0,1
2298.0,1,1,80.0,2
2299.0,1,1,75.0,1
3256.0,1,1,80.0,1
3253.0,1,1,75.0,1
2305.0,1,1,75.0,1
2306.0,1,1,80.0,2
3249.0,1,1,80.0,1
2311.0,1,1,80.0,2
2312.0,1,1,70.0,1
3263.0,1,1,75.0,1
3264.0,1,1,80.0,1
3267.0,1,1,75.0,1
2286.0,1,1,75.0,1
2263.0,1,1,75.0,1
2264.0,1,1,75.0,2
2266.0,1,1,65.0,3
3284.0,1,1,75.0,2
3280.0,1,1,75.0,1
3278.0,1,1,75.0,1
3276.0,1,1,65.0,3
3241.0,1,1,75.0,1
2275.0,1,1,70.0,1
3274.0,1,1,75.0,2
3272.0,1,1,75.0,3
2280.0,1,1,75.0,1
2281.0,1,1,80.0,2
2282.0,1,1,70.0,1
3271.0,1,1,70.0,1
3269.0,1,1,80.0,2
2276.0,1,1,75.0,1
2314.0,1,1,70.0,2
3236.0,1,1,75.0,2
2317.0,1,1,65.0,3
2345.0,1,1,70.0,1
2347.0,1,1,75.0,1
3207.0,1,1,70.0,1
3202.0,1,1,75.0,1
3198.0,1,1,75.0,1
3197.0,1,1,75.0,1
3196.0,1,1,75.0,1
3212.0,1,1,75.0,1
3193.0,1,1,75.0,1
3188.0,1,1,65.0,3
2360.0,1,1,75.0,1
3185.0,1,1,75.0,3
3184.0,1,1,60.0,2
2363.0,1,1,70.0,1
2367.0,1,1,70.0,1
2368.0,1,1,70.0,1
3189.0,1,1,70.0,1
3287.0,1,1,80.0,2
3214.0,1,1,200.0,1
3216.0,1,1,80.0,2
3235.0,1,1,75.0,1
2319.0,1,1,75.0,1
3234.0,1,1,65.0,3
3232.0,1,1,75.0,1
2322.0,1,1,75.0,2
3231.0,1,1,80.0,2
2324.0,1,1,75.0,1
3215.0,1,1,70.0,1
3229.0,1,1,75.0,1
2329.0,1,1,70.0,1
3223.0,1,1,70.0,1
2333.0,1,1,80.0,2
2335.0,1,1,75.0,1
3220.0,1,1,65.0,3
3218.0,1,1,75.0,1
2339.0,1,1,65.0,1
2327.0,1,1,70.0,1
1278.0,1,1,70.0,1
3986.0,1,1,75.0,1
2837.0,1,1,75.0,1
4946.0,1,1,75.0,1
4626.0,1,1,80.0,2
4945.0,1,1,75.0,1
657.0,1,1,65.0,3
656.0,1,1,80.0,1
4628.0,1,1,70.0,1
4944.0,1,1,70.0,1
4630.0,1,1,74.0,1
4088.0,1,1,80.0,2
4631.0,1,1,75.0,1
651.0,1,1,75.0,1
650.0,1,1,70.0,1
4632.0,1,1,75.0,1
4633.0,1,1,75.0,1
4634.0,1,1,75.0,2
646.0,1,1,80.0,2
4943.0,1,1,75.0,2
630.0,1,1,80.0,1
241.0,1,1,80.0,1
4646.0,1,1,75.0,1
4645.0,1,1,80.0,2
4644.0,1,1,75.0,3
4643.0,1,1,75.0,1
660.0,1,1,65.0,3
4642.0,1,1,70.0,3
4640.0,1,1,70.0,1
640.0,1,1,80.0,2
4639.0,1,1,75.0,1
4638.0,1,1,80.0,2
4637.0,1,1,75.0,1
4636.0,1,1,75.0,1
4641.0,1,1,75.0,1
242.0,1,1,30.0,2
661.0,1,1,75.0,1
4625.0,1,1,75.0,1
4606.0,1,1,70.0,3
227.0,1,1,75.0,1
686.0,1,1,75.0,1
4609.0,1,1,75.0,1
4610.0,1,1,75.0,1
4952.0,1,1,70.0,1
4611.0,1,1,75.0,1
4612.0,1,1,75.0,1
681.0,1,1,65.0,3
680.0,1,1,75.0,1
679.0,1,1,80.0,2
4613.0,1,1,75.0,1
4614.0,1,1,75.0,1
4615.0,1,1,75.0,1
4616.0,1,1,75.0,1
229.0,1,1,80.0,1
674.0,1,1,75.0,1
4947.0,1,1,75.0,1
4624.0,1,1,75.0,2
665.0,1,1,70.0,1
666.0,1,1,75.0,1
667.0,1,1,75.0,1
4949.0,1,1,75.0,1
662.0,1,1,75.0,1
4622.0,1,1,70.0,3
234.0,1,1,80.0,1
4950.0,1,1,75.0,1
232.0,1,1,65.0,3
231.0,1,1,75.0,1
4620.0,1,1,80.0,2
4951.0,1,1,75.0,1
4621.0,1,1,75.0,1
628.0,1,1,80.0,2
4942.0,1,1,75.0,1
4652.0,1,1,70.0,1
4677.0,1,1,74.0,1
4940.0,1,1,75.0,1
4939.0,1,1,70.0,3
4679.0,1,1,70.0,2
589.0,1,1,75.0,1
4680.0,1,1,80.0,2
4681.0,1,1,75.0,1
586.0,1,1,70.0,1
4682.0,1,1,70.0,1
4683.0,1,1,75.0,1
250.0,1,1,80.0,2
4684.0,1,1,75.0,1
4938.0,1,1,75.0,1
4685.0,1,1,70.0,1
4686.0,1,1,75.0,1
4687.0,1,1,70.0,3
252.0,1,1,75.0,1
569.0,1,1,75.0,1
570.0,1,1,80.0,2
4935.0,1,1,75.0,1
4936.0,1,1,80.0,2
4696.0,1,1,80.0,2
256.0,1,1,75.0,1
4676.0,1,1,70.0,1
4695.0,1,1,75.0,1
255.0,1,1,75.0,1
254.0,1,1,65.0,3
4937.0,1,1,75.0,1
4691.0,1,1,70.0,1
4690.0,1,1,75.0,2
4689.0,1,1,75.0,1
4694.0,1,1,75.0,1
4941.0,1,1,70.0,3
594.0,1,1,75.0,1
4675.0,1,1,75.0,1
4664.0,1,1,70.0,1
4663.0,1,1,75.0,1
4662.0,1,1,70.0,1
4661.0,1,1,70.0,1
4660.0,1,1,75.0,1
4659.0,1,1,80.0,2
4665.0,1,1,70.0,1
4658.0,1,1,75.0,1
4656.0,1,1,75.0,1
4655.0,1,1,70.0,3
621.0,1,1,80.0,2
4654.0,1,1,75.0,1
4653.0,1,1,70.0,3
625.0,1,1,70.0,1
4657.0,1,1,75.0,2
4605.0,1,1,75.0,1
609.0,1,1,75.0,1
607.0,1,1,65.0,3
4673.0,1,1,75.0,1
597.0,1,1,80.0,2
598.0,1,1,70.0,1
246.0,1,1,80.0,1
4672.0,1,1,75.0,1
245.0,1,1,70.0,1
608.0,1,1,75.0,2
4671.0,1,1,75.0,1
244.0,1,1,75.0,1
602.0,1,1,80.0,2
4669.0,1,1,70.0,3
4668.0,1,1,75.0,1
4667.0,1,1,70.0,3
4666.0,1,1,80.0,2
4670.0,1,1,80.0,2
691.0,1,1,70.0,1
226.0,1,1,80.0,1
693.0,1,1,75.0,1
773.0,1,1,80.0,2
772.0,1,1,80.0,2
4539.0,1,1,75.0,1
196.0,1,1,80.0,2
4541.0,1,1,75.0,2
4542.0,1,1,75.0,1
768.0,1,1,80.0,1
767.0,1,1,80.0,2
197.0,1,1,75.0,1
4544.0,1,1,75.0,1
4545.0,1,1,75.0,1
4546.0,1,1,75.0,1
4547.0,1,1,70.0,1
4548.0,1,1,75.0,2
4549.0,1,1,70.0,3
4550.0,1,1,75.0,1
758.0,1,1,75.0,1
747.0,1,1,75.0,1
4970.0,1,1,75.0,1
4561.0,1,1,75.0,1
4560.0,1,1,75.0,1
4559.0,1,1,70.0,3
4558.0,1,1,70.0,3
4974.0,1,1,75.0,1
4557.0,1,1,70.0,1
4971.0,1,1,75.0,3
4972.0,1,1,75.0,1
4973.0,1,1,75.0,2
199.0,1,1,80.0,1
4552.0,1,1,75.0,1
4551.0,1,1,75.0,1
4556.0,1,1,75.0,3
4538.0,1,1,75.0,1
194.0,1,1,65.0,1
4535.0,1,1,75.0,1
188.0,1,1,80.0,1
4522.0,1,1,75.0,1
187.0,1,1,80.0,1
4520.0,1,1,75.0,1
4885.0,1,1,75.0,1
4518.0,1,1,70.0,3
4524.0,1,1,70.0,1
4517.0,1,1,75.0,1
4977.0,1,1,74.0,1
4515.0,1,1,75.0,1
4514.0,1,1,75.0,1
4513.0,1,1,70.0,1
4978.0,1,1,70.0,5
4512.0,1,1,70.0,1
185.0,1,1,65.0,3
4562.0,1,1,70.0,3
790.0,1,1,75.0,1
4525.0,1,1,70.0,1
4534.0,1,1,75.0,1
4533.0,1,1,70.0,3
4532.0,1,1,75.0,1
781.0,1,1,75.0,1
4531.0,1,1,70.0,1
193.0,1,1,80.0,1
189.0,1,1,65.0,1
4529.0,1,1,80.0,2
4527.0,1,1,75.0,1
786.0,1,1,80.0,2
787.0,1,1,75.0,1
192.0,1,1,80.0,1
4975.0,1,1,75.0,1
4526.0,1,1,80.0,2
4528.0,1,1,75.0,1
4697.0,1,1,75.0,1
745.0,1,1,80.0,1
4969.0,1,1,75.0,1
718.0,1,1,70.0,1
4585.0,1,1,70.0,3
716.0,1,1,75.0,1
218.0,1,1,80.0,1
4586.0,1,1,70.0,1
4587.0,1,1,75.0,2
4959.0,1,1,75.0,1
4588.0,1,1,75.0,1
712.0,1,1,75.0,1
711.0,1,1,65.0,1
4958.0,1,1,75.0,1
4589.0,1,1,75.0,1
4590.0,1,1,80.0,2
4591.0,1,1,45.0,2
4592.0,1,1,75.0,1
4593.0,1,1,75.0,1
4594.0,1,1,80.0,2
4603.0,1,1,75.0,1
4602.0,1,1,70.0,1
4601.0,1,1,75.0,1
4600.0,1,1,15.0,2
4599.0,1,1,75.0,1
4598.0,1,1,70.0,3
4583.0,1,1,80.0,2
4953.0,1,1,75.0,1
702.0,1,1,65.0,3
4596.0,1,1,60.0,2
4955.0,1,1,75.0,1
4956.0,1,1,75.0,1
4957.0,1,1,75.0,1
4595.0,1,1,80.0,2
701.0,1,1,75.0,1
4960.0,1,1,75.0,1
4582.0,1,1,70.0,2
216.0,1,1,80.0,1
4570.0,1,1,75.0,1
4569.0,1,1,75.0,1
735.0,1,1,70.0,1
4965.0,1,1,75.0,1
4568.0,1,1,75.0,1
737.0,1,1,70.0,1
4964.0,1,1,75.0,1
4567.0,1,1,70.0,1
739.0,1,1,65.0,3
4967.0,1,1,70.0,1
740.0,1,1,80.0,1
4566.0,1,1,75.0,1
4565.0,1,1,70.0,1
4968.0,1,1,75.0,1
4966.0,1,1,75.0,1
4563.0,1,1,75.0,1
4571.0,1,1,75.0,1
210.0,1,1,80.0,1
4581.0,1,1,75.0,1
4961.0,1,1,75.0,1
4962.0,1,1,80.0,2
4580.0,1,1,80.0,2
4579.0,1,1,80.0,2
4963.0,1,1,75.0,1
4573.0,1,1,75.0,1
4578.0,1,1,75.0,1
4576.0,1,1,75.0,1
4575.0,1,1,80.0,2
212.0,1,1,80.0,2
728.0,1,1,75.0,1
4574.0,1,1,80.0,2
730.0,1,1,75.0,1
725.0,1,1,75.0,1
4511.0,1,1,75.0,1
259.0,1,1,80.0,1
4699.0,1,1,75.0,1
4905.0,1,1,70.0,3
4904.0,1,1,75.0,1
417.0,1,1,65.0,1
4808.0,1,1,75.0,1
4809.0,1,1,70.0,3
4903.0,1,1,75.0,3
4810.0,1,1,75.0,1
4811.0,1,1,75.0,1
4813.0,1,1,70.0,1
4814.0,1,1,75.0,1
4902.0,1,1,70.0,1
4901.0,1,1,70.0,3
4900.0,1,1,75.0,1
409.0,1,1,80.0,2
4816.0,1,1,70.0,1
4817.0,1,1,80.0,2
406.0,1,1,65.0,3
4831.0,1,1,80.0,2
4829.0,1,1,75.0,1
4828.0,1,1,80.0,2
4827.0,1,1,80.0,2
4826.0,1,1,70.0,1
397.0,1,1,80.0,1
4807.0,1,1,75.0,1
4825.0,1,1,75.0,2
4823.0,1,1,75.0,1
4822.0,1,1,75.0,1
4821.0,1,1,75.0,1
4820.0,1,1,70.0,1
4819.0,1,1,75.0,1
4818.0,1,1,75.0,1
4824.0,1,1,75.0,1
4832.0,1,1,75.0,1
419.0,1,1,80.0,1
421.0,1,1,80.0,2
297.0,1,1,80.0,2
4910.0,1,1,75.0,1
4786.0,1,1,75.0,2
4787.0,1,1,70.0,1
444.0,1,1,80.0,2
4788.0,1,1,70.0,3
4789.0,1,1,75.0,1
4790.0,1,1,75.0,1
440.0,1,1,70.0,1
4791.0,1,1,80.0,2
4792.0,1,1,70.0,3
437.0,1,1,80.0,2
4793.0,1,1,75.0,1
435.0,1,1,80.0,1
4909.0,1,1,75.0,1
4794.0,1,1,75.0,3
433.0,1,1,70.0,1
4906.0,1,1,80.0,2
4805.0,1,1,75.0,1
4804.0,1,1,75.0,1
4907.0,1,1,75.0,1
4802.0,1,1,70.0,1
4801.0,1,1,75.0,1
4806.0,1,1,75.0,1
4800.0,1,1,75.0,1
4798.0,1,1,75.0,2
430.0,1,1,70.0,1
302.0,1,1,80.0,1
4796.0,1,1,75.0,1
4795.0,1,1,75.0,1
301.0,1,1,70.0,1
4799.0,1,1,75.0,3
4899.0,1,1,75.0,1
4833.0,1,1,70.0,2
4834.0,1,1,75.0,1
356.0,1,1,80.0,1
4892.0,1,1,75.0,1
4891.0,1,1,80.0,2
4861.0,1,1,75.0,2
353.0,1,1,80.0,2
4862.0,1,1,80.0,2
351.0,1,1,75.0,1
4864.0,1,1,70.0,3
4865.0,1,1,80.0,2
4866.0,1,1,75.0,1
346.0,1,1,75.0,1
4867.0,1,1,75.0,1
4890.0,1,1,75.0,1
4868.0,1,1,75.0,1
4869.0,1,1,70.0,1
4870.0,1,1,75.0,1
4871.0,1,1,75.0,1
4886.0,1,1,80.0,2
4887.0,1,1,75.0,1
4883.0,1,1,75.0,1
4882.0,1,1,70.0,3
4880.0,1,1,75.0,1
4879.0,1,1,70.0,3
4859.0,1,1,75.0,2
4878.0,1,1,70.0,1
4875.0,1,1,70.0,3
4888.0,1,1,75.0,1
4873.0,1,1,75.0,1
337.0,1,1,75.0,2
4872.0,1,1,75.0,1
339.0,1,1,75.0,1
4876.0,1,1,70.0,1
318.0,1,1,65.0,3
4858.0,1,1,75.0,1
4857.0,1,1,70.0,3
4843.0,1,1,75.0,1
4895.0,1,1,75.0,1
4896.0,1,1,80.0,2
4897.0,1,1,70.0,3
4841.0,1,1,75.0,1
381.0,1,1,75.0,1
4894.0,1,1,80.0,2
4840.0,1,1,80.0,2
4839.0,1,1,80.0,2
4838.0,1,1,70.0,1
4837.0,1,1,75.0,1
4836.0,1,1,70.0,1
4835.0,1,1,75.0,1
388.0,1,1,75.0,1
4898.0,1,1,70.0,1
448.0,1,1,80.0,1
376.0,1,1,75.0,2
4845.0,1,1,75.0,1
4856.0,1,1,80.0,2
361.0,1,1,65.0,3
4855.0,1,1,70.0,3
363.0,1,1,80.0,2
4854.0,1,1,75.0,1
4893.0,1,1,75.0,1
375.0,1,1,65.0,1
366.0,1,1,75.0,1
4851.0,1,1,75.0,1
4850.0,1,1,75.0,1
4849.0,1,1,70.0,3
4848.0,1,1,75.0,1
4847.0,1,1,75.0,1
4846.0,1,1,75.0,1
4852.0,1,1,75.0,1
4784.0,1,1,75.0,1
450.0,1,1,80.0,2
4911.0,1,1,70.0,3
4930.0,1,1,75.0,1
4929.0,1,1,80.0,2
4725.0,1,1,75.0,1
4928.0,1,1,75.0,1
535.0,1,1,80.0,2
4726.0,1,1,70.0,1
4927.0,1,1,75.0,1
4926.0,1,1,75.0,1
4728.0,1,1,80.0,2
276.0,1,1,80.0,1
531.0,1,1,80.0,1
277.0,1,1,80.0,1
4731.0,1,1,75.0,1
4732.0,1,1,70.0,1
527.0,1,1,80.0,1
4733.0,1,1,75.0,1
4734.0,1,1,80.0,2
4924.0,1,1,80.0,2
4743.0,1,1,70.0,3
514.0,1,1,80.0,2
4742.0,1,1,70.0,3
4741.0,1,1,70.0,1
4740.0,1,1,75.0,1
4724.0,1,1,75.0,1
518.0,1,1,75.0,1
279.0,1,1,65.0,3
4739.0,1,1,75.0,1
4925.0,1,1,75.0,2
4737.0,1,1,75.0,1
4736.0,1,1,70.0,3
4735.0,1,1,80.0,2
519.0,1,1,80.0,1
4723.0,1,1,80.0,2
4722.0,1,1,80.0,2
4721.0,1,1,75.0,1
556.0,1,1,65.0,3
267.0,1,1,65.0,3
4706.0,1,1,75.0,1
558.0,1,1,75.0,1
4705.0,1,1,75.0,1
4933.0,1,1,75.0,1
4707.0,1,1,75.0,1
4704.0,1,1,75.0,1
561.0,1,1,65.0,3
4934.0,1,1,75.0,1
263.0,1,1,75.0,1
4701.0,1,1,70.0,3
4700.0,1,1,75.0,1
262.0,1,1,80.0,2
265.0,1,1,75.0,2
512.0,1,1,80.0,2
4708.0,1,1,70.0,2
4932.0,1,1,70.0,3
4720.0,1,1,75.0,1
4931.0,1,1,75.0,1
4719.0,1,1,75.0,1
4718.0,1,1,75.0,1
4717.0,1,1,70.0,1
4716.0,1,1,70.0,1
553.0,1,1,80.0,1
4715.0,1,1,75.0,1
4713.0,1,1,75.0,1
4712.0,1,1,70.0,1
4711.0,1,1,75.0,1
269.0,1,1,75.0,1
4710.0,1,1,75.0,1
4709.0,1,1,70.0,1
4714.0,1,1,80.0,2
260.0,1,1,80.0,2
4923.0,1,1,80.0,2
4744.0,1,1,70.0,1
4767.0,1,1,80.0,2
4768.0,1,1,75.0,1
475.0,1,1,80.0,1
474.0,1,1,80.0,2
473.0,1,1,75.0,1
4769.0,1,1,75.0,2
4770.0,1,1,80.0,2
4771.0,1,1,75.0,1
469.0,1,1,80.0,1
4772.0,1,1,80.0,2
4916.0,1,1,75.0,1
467.0,1,1,80.0,1
4773.0,1,1,75.0,1
4774.0,1,1,75.0,1
464.0,1,1,65.0,3
4775.0,1,1,75.0,1
292.0,1,1,75.0,1
4912.0,1,1,75.0,1
4913.0,1,1,75.0,1
4783.0,1,1,70.0,1
452.0,1,1,65.0,3
4782.0,1,1,75.0,1
4781.0,1,1,70.0,1
4766.0,1,1,80.0,2
4915.0,1,1,80.0,2
4778.0,1,1,80.0,1
457.0,1,1,75.0,1
4777.0,1,1,70.0,1
459.0,1,1,75.0,1
460.0,1,1,70.0,2
461.0,1,1,80.0,2
4779.0,1,1,75.0,1
4917.0,1,1,75.0,1
479.0,1,1,65.0,3
289.0,1,1,80.0,2
497.0,1,1,65.0,1
4754.0,1,1,70.0,3
4753.0,1,1,75.0,1
4752.0,1,1,75.0,1
4751.0,1,1,75.0,1
282.0,1,1,80.0,2
4922.0,1,1,35.0,2
4750.0,1,1,75.0,2
4748.0,1,1,75.0,1
505.0,1,1,80.0,1
506.0,1,1,80.0,2
4747.0,1,1,75.0,1
4746.0,1,1,75.0,5
4745.0,1,1,75.0,1
4749.0,1,1,75.0,1
511.0,1,1,80.0,2
495.0,1,1,75.0,1
4920.0,1,1,75.0,1
4918.0,1,1,75.0,1
4765.0,1,1,80.0,2
4764.0,1,1,70.0,3
4919.0,1,1,75.0,1
482.0,1,1,80.0,2
4763.0,1,1,75.0,2
4921.0,1,1,75.0,1
484.0,1,1,75.0,1
4760.0,1,1,80.0,2
4759.0,1,1,70.0,1
4758.0,1,1,75.0,1
491.0,1,1,80.0,1
492.0,1,1,80.0,1
4757.0,1,1,80.0,2
485.0,1,1,75.0,1
4508.0,1,1,75.0,1
4884.0,1,1,75.0,1
4504.0,1,1,75.0,1
61.0,1,1,80.0,1
4229.0,1,1,75.0,1
5072.0,1,1,75.0,1
5070.0,1,1,75.0,2
5069.0,1,1,75.0,1
5068.0,1,1,75.0,1
5067.0,1,1,75.0,1
1116.0,1,1,80.0,2
4234.0,1,1,75.0,1
1114.0,1,1,80.0,2
4235.0,1,1,75.0,1
4237.0,1,1,75.0,1
4238.0,1,1,75.0,1
4239.0,1,1,80.0,2
1108.0,1,1,75.0,1
5066.0,1,1,75.0,1
4242.0,1,1,75.0,1
4253.0,1,1,80.0,2
4252.0,1,1,75.0,1
4250.0,1,1,75.0,1
4249.0,1,1,75.0,2
72.0,1,1,75.0,5
1099.0,1,1,75.0,1
5073.0,1,1,80.0,2
5062.0,1,1,75.0,2
5065.0,1,1,75.0,1
4246.0,1,1,75.0,2
4245.0,1,1,75.0,1
1102.0,1,1,70.0,1
4244.0,1,1,75.0,1
68.0,1,1,80.0,2
5063.0,1,1,75.0,1
4254.0,1,1,70.0,3
1123.0,1,1,75.0,1
5074.0,1,1,75.0,1
4196.0,1,1,70.0,1
4197.0,1,1,75.0,1
5082.0,1,1,75.0,1
4202.0,1,1,75.0,1
4203.0,1,1,75.0,1
5081.0,1,1,75.0,1
5080.0,1,1,75.0,1
1147.0,1,1,80.0,2
4204.0,1,1,80.0,2
4205.0,1,1,75.0,1
1144.0,1,1,70.0,1
53.0,1,1,80.0,1
4206.0,1,1,75.0,1
4208.0,1,1,75.0,1
1140.0,1,1,70.0,2
5079.0,1,1,75.0,1
4210.0,1,1,75.0,1
4225.0,1,1,75.0,1
5075.0,1,1,70.0,3
4222.0,1,1,75.0,1
5076.0,1,1,75.0,1
4221.0,1,1,70.0,3
4220.0,1,1,75.0,1
4227.0,1,1,75.0,2
4219.0,1,1,80.0,2
5078.0,1,1,70.0,1
4216.0,1,1,75.0,1
4215.0,1,1,75.0,1
4214.0,1,1,75.0,1
4212.0,1,1,80.0,2
4211.0,1,1,75.0,1
5077.0,1,1,75.0,2
4195.0,1,1,75.0,1
4256.0,1,1,75.0,1
4258.0,1,1,75.0,1
4289.0,1,1,80.0,2
1057.0,1,1,75.0,1
4293.0,1,1,75.0,1
90.0,1,1,75.0,1
4294.0,1,1,65.0,1
1053.0,1,1,80.0,2
4295.0,1,1,75.0,1
1051.0,1,1,75.0,2
4296.0,1,1,80.0,2
5044.0,1,1,75.0,1
1048.0,1,1,65.0,3
4298.0,1,1,70.0,1
4299.0,1,1,75.0,1
4300.0,1,1,75.0,1
5043.0,1,1,75.0,1
93.0,1,1,75.0,1
4302.0,1,1,80.0,2
4311.0,1,1,75.0,1
4310.0,1,1,70.0,1
5039.0,1,1,75.0,1
99.0,1,1,80.0,1
4309.0,1,1,70.0,1
4308.0,1,1,70.0,1
1059.0,1,1,70.0,1
1037.0,1,1,70.0,1
1039.0,1,1,80.0,2
4306.0,1,1,75.0,1
5041.0,1,1,70.0,3
4505.0,1,1,75.0,1
94.0,1,1,75.0,1
4304.0,1,1,75.0,1
98.0,1,1,75.0,1
5061.0,1,1,75.0,1
1060.0,1,1,65.0,3
4286.0,1,1,75.0,1
5060.0,1,1,80.0,2
4260.0,1,1,80.0,2
4261.0,1,1,80.0,2
5059.0,1,1,75.0,1
1085.0,1,1,75.0,2
4264.0,1,1,70.0,3
4266.0,1,1,75.0,1
4267.0,1,1,75.0,1
4268.0,1,1,75.0,1
4270.0,1,1,75.0,1
5058.0,1,1,75.0,1
5057.0,1,1,75.0,3
5056.0,1,1,75.0,1
4273.0,1,1,70.0,1
4274.0,1,1,75.0,1
5055.0,1,1,80.0,2
5054.0,1,1,75.0,1
5045.0,1,1,80.0,2
5046.0,1,1,75.0,1
5047.0,1,1,75.0,1
4284.0,1,1,70.0,1
4283.0,1,1,75.0,2
5048.0,1,1,70.0,1
4288.0,1,1,75.0,1
4280.0,1,1,75.0,1
5050.0,1,1,75.0,1
1069.0,1,1,65.0,3
5051.0,1,1,70.0,1
5053.0,1,1,80.0,2
4276.0,1,1,75.0,1
4275.0,1,1,70.0,1
5049.0,1,1,75.0,1
101.0,1,1,80.0,1
4194.0,1,1,75.0,1
5083.0,1,1,75.0,1
4119.0,1,1,75.0,1
18.0,1,1,65.0,3
4121.0,1,1,75.0,1
4123.0,1,1,75.0,1
5105.0,1,1,75.0,1
1238.0,1,1,70.0,1
1237.0,1,1,75.0,1
1236.0,1,1,70.0,1
4126.0,1,1,80.0,2
4127.0,1,1,80.0,2
5104.0,1,1,75.0,1
4128.0,1,1,80.0,2
21.0,1,1,75.0,1
4130.0,1,1,80.0,2
22.0,1,1,80.0,1
1230.0,1,1,80.0,1
4131.0,1,1,75.0,1
4144.0,1,1,75.0,1
4143.0,1,1,70.0,3
5100.0,1,1,75.0,2
4142.0,1,1,75.0,1
5101.0,1,1,75.0,1
5102.0,1,1,75.0,1
4118.0,1,1,75.0,2
4140.0,1,1,75.0,1
1221.0,1,1,80.0,2
4137.0,1,1,75.0,1
23.0,1,1,75.0,1
4134.0,1,1,75.0,1
4133.0,1,1,75.0,1
4132.0,1,1,75.0,1
5103.0,1,1,75.0,1
4145.0,1,1,70.0,1
4117.0,1,1,75.0,1
4115.0,1,1,80.0,2
5.0,1,1,70.0,1
4093.0,1,1,70.0,1
6.0,1,1,70.0,1
4095.0,1,1,75.0,1
4096.0,1,1,75.0,1
1270.0,1,1,70.0,1
4097.0,1,1,80.0,2
1268.0,1,1,75.0,1
4098.0,1,1,70.0,3
5115.0,1,1,70.0,1
4100.0,1,1,70.0,1
5114.0,1,1,70.0,1
4102.0,1,1,70.0,3
1262.0,1,1,80.0,2
4103.0,1,1,75.0,1
4104.0,1,1,70.0,1
1259.0,1,1,70.0,1
5107.0,1,1,70.0,1
5108.0,1,1,75.0,1
5109.0,1,1,70.0,1
5110.0,1,1,75.0,1
4112.0,1,1,75.0,1
5111.0,1,1,75.0,1
5106.0,1,1,75.0,1
5112.0,1,1,75.0,1
1254.0,1,1,75.0,1
4109.0,1,1,70.0,3
4108.0,1,1,75.0,1
4107.0,1,1,75.0,1
5113.0,1,1,75.0,1
4105.0,1,1,75.0,2
1253.0,1,1,75.0,1
1155.0,1,1,75.0,1
4146.0,1,1,75.0,1
4147.0,1,1,80.0,2
1181.0,1,1,80.0,2
37.0,1,1,75.0,1
4170.0,1,1,75.0,1
1178.0,1,1,75.0,1
4171.0,1,1,75.0,1
4172.0,1,1,70.0,1
4173.0,1,1,70.0,3
4175.0,1,1,75.0,1
38.0,1,1,80.0,2
4176.0,1,1,65.0,3
1172.0,1,1,75.0,1
5091.0,1,1,75.0,1
5090.0,1,1,75.0,1
4177.0,1,1,75.0,1
5089.0,1,1,75.0,1
5088.0,1,1,75.0,2
5087.0,1,1,75.0,1
4192.0,1,1,73.0,1
47.0,1,1,65.0,1
4190.0,1,1,80.0,2
4189.0,1,1,75.0,1
4188.0,1,1,75.0,1
4187.0,1,1,75.0,1
36.0,1,1,75.0,2
1163.0,1,1,75.0,1
5085.0,1,1,75.0,1
4185.0,1,1,75.0,1
1166.0,1,1,65.0,3
4182.0,1,1,75.0,1
4181.0,1,1,75.0,1
5086.0,1,1,75.0,1
5084.0,1,1,75.0,1
1212.0,1,1,65.0,3
4167.0,1,1,70.0,3
5092.0,1,1,75.0,1
4148.0,1,1,75.0,1
5099.0,1,1,75.0,1
1209.0,1,1,75.0,2
29.0,1,1,65.0,3
5098.0,1,1,75.0,1
4149.0,1,1,70.0,3
4150.0,1,1,75.0,1
4151.0,1,1,70.0,1
4152.0,1,1,70.0,1
5096.0,1,1,70.0,3
1204.0,1,1,75.0,1
1203.0,1,1,75.0,1
1202.0,1,1,130.0,2
4153.0,1,1,70.0,1
4155.0,1,1,75.0,1
1198.0,1,1,70.0,1
4156.0,1,1,75.0,1
4166.0,1,1,70.0,1
4165.0,1,1,70.0,1
4164.0,1,1,75.0,1
5093.0,1,1,70.0,1
4163.0,1,1,70.0,3
1189.0,1,1,80.0,2
1184.0,1,1,65.0,1
5094.0,1,1,75.0,1
4161.0,1,1,75.0,1
1192.0,1,1,75.0,1
5095.0,1,1,75.0,2
4159.0,1,1,75.0,1
1195.0,1,1,75.0,1
4158.0,1,1,80.0,2
4162.0,1,1,74.0,1
4312.0,1,1,69.0,1
5042.0,1,1,75.0,1
4314.0,1,1,75.0,1
831.0,1,1,80.0,2
4418.0,1,1,75.0,1
4421.0,1,1,75.0,1
148.0,1,1,80.0,1
4422.0,1,1,75.0,1
4986.0,1,1,75.0,1
4423.0,1,1,75.0,1
4425.0,1,1,75.0,1
4426.0,1,1,70.0,1
904.0,1,1,80.0,1
4427.0,1,1,75.0,1
5000.0,1,1,75.0,1
4431.0,1,1,75.0,1
4417.0,1,1,80.0,2
4432.0,1,1,70.0,1
4485.0,1,1,75.0,1
4433.0,1,1,75.0,3
173.0,1,1,65.0,3
4434.0,1,1,75.0,1
150.0,1,1,70.0,1
897.0,1,1,80.0,1
4987.0,1,1,75.0,1
896.0,1,1,75.0,1
895.0,1,1,75.0,1
151.0,1,1,80.0,1
4436.0,1,1,70.0,1
4437.0,1,1,75.0,1
891.0,1,1,75.0,1
833.0,1,1,75.0,1
4416.0,1,1,70.0,1
4415.0,1,1,70.0,1
4414.0,1,1,75.0,1
4982.0,1,1,75.0,1
5005.0,1,1,70.0,1
142.0,1,1,75.0,1
4399.0,1,1,70.0,1
5004.0,1,1,75.0,1
4983.0,1,1,75.0,3
5003.0,1,1,80.0,2
5002.0,1,1,80.0,2
4402.0,1,1,75.0,1
4491.0,1,1,75.0,1
4490.0,1,1,75.0,2
4404.0,1,1,70.0,1
4489.0,1,1,75.0,1
927.0,1,1,65.0,3
4405.0,1,1,75.0,1
5001.0,1,1,75.0,1
4406.0,1,1,70.0,3
4407.0,1,1,75.0,1
828.0,1,1,75.0,1
4984.0,1,1,70.0,3
4985.0,1,1,75.0,1
175.0,1,1,80.0,1
4410.0,1,1,75.0,1
920.0,1,1,70.0,1
5038.0,1,1,70.0,2
4487.0,1,1,75.0,1
4412.0,1,1,70.0,1
147.0,1,1,75.0,2
4413.0,1,1,73.0,1
890.0,1,1,80.0,1
5006.0,1,1,75.0,1
889.0,1,1,75.0,1
4482.0,1,1,75.0,1
4454.0,1,1,75.0,1
162.0,1,1,80.0,2
4477.0,1,1,80.0,2
4993.0,1,1,70.0,1
4455.0,1,1,75.0,2
4456.0,1,1,70.0,3
4457.0,1,1,70.0,1
4458.0,1,1,70.0,3
4459.0,1,1,70.0,3
4460.0,1,1,75.0,1
858.0,1,1,75.0,1
164.0,1,1,70.0,1
856.0,1,1,75.0,1
4453.0,1,1,80.0,2
4992.0,1,1,75.0,1
4476.0,1,1,70.0,1
4464.0,1,1,75.0,1
4474.0,1,1,70.0,1
4991.0,1,1,75.0,1
4990.0,1,1,75.0,2
853.0,1,1,70.0,1
4465.0,1,1,75.0,2
4473.0,1,1,70.0,1
4472.0,1,1,70.0,3
4467.0,1,1,70.0,3
4468.0,1,1,70.0,1
4469.0,1,1,75.0,1
4989.0,1,1,75.0,1
4463.0,1,1,75.0,1
867.0,1,1,80.0,1
4478.0,1,1,75.0,1
4452.0,1,1,75.0,1
171.0,1,1,40.0,2
888.0,1,1,80.0,2
4438.0,1,1,75.0,1
170.0,1,1,75.0,1
4999.0,1,1,75.0,1
4988.0,1,1,75.0,1
4439.0,1,1,75.0,1
885.0,1,1,80.0,1
4998.0,1,1,75.0,1
4997.0,1,1,75.0,1
4441.0,1,1,80.0,2
4442.0,1,1,65.0,1
880.0,1,1,75.0,1
4443.0,1,1,75.0,1
4996.0,1,1,70.0,3
4444.0,1,1,75.0,1
877.0,1,1,75.0,1
157.0,1,1,80.0,2
4446.0,1,1,75.0,1
874.0,1,1,25.0,2
4480.0,1,1,80.0,2
4995.0,1,1,80.0,2
4448.0,1,1,75.0,1
159.0,1,1,50.0,2
4479.0,1,1,75.0,1
4449.0,1,1,75.0,1
160.0,1,1,80.0,2
161.0,1,1,80.0,2
4451.0,1,1,70.0,3
152.0,1,1,80.0,3
4470.0,1,1,70.0,1
5007.0,1,1,75.0,1
937.0,1,1,80.0,2
4333.0,1,1,80.0,2
1003.0,1,1,80.0,2
5029.0,1,1,75.0,1
812.0,1,1,65.0,3
115.0,1,1,75.0,1
4336.0,1,1,70.0,1
4337.0,1,1,70.0,1
999.0,1,1,65.0,3
4338.0,1,1,75.0,1
4339.0,1,1,75.0,1
4340.0,1,1,75.0,2
4980.0,1,1,75.0,1
4341.0,1,1,75.0,2
994.0,1,1,75.0,1
4342.0,1,1,75.0,1
4344.0,1,1,75.0,1
5028.0,1,1,75.0,1
4346.0,1,1,70.0,1
4347.0,1,1,75.0,1
5027.0,1,1,75.0,1
4349.0,1,1,75.0,1
5026.0,1,1,70.0,1
4350.0,1,1,75.0,1
5025.0,1,1,80.0,2
4351.0,1,1,80.0,2
813.0,1,1,80.0,2
120.0,1,1,80.0,1
4332.0,1,1,75.0,1
4331.0,1,1,75.0,1
5030.0,1,1,75.0,1
5031.0,1,1,75.0,1
1029.0,1,1,70.0,1
5037.0,1,1,80.0,2
4315.0,1,1,75.0,1
1027.0,1,1,80.0,2
4316.0,1,1,70.0,1
1025.0,1,1,80.0,2
105.0,1,1,75.0,1
1023.0,1,1,75.0,1
5036.0,1,1,80.0,2
4503.0,1,1,75.0,3
4979.0,1,1,75.0,2
107.0,1,1,80.0,1
4320.0,1,1,70.0,1
4394.0,1,1,75.0,1
4321.0,1,1,75.0,1
4322.0,1,1,80.0,2
1017.0,1,1,75.0,1
1016.0,1,1,75.0,1
1015.0,1,1,75.0,1
5034.0,1,1,70.0,1
809.0,1,1,75.0,1
4323.0,1,1,75.0,1
5033.0,1,1,75.0,1
810.0,1,1,65.0,3
4502.0,1,1,70.0,1
5032.0,1,1,80.0,2
4329.0,1,1,75.0,1
1008.0,1,1,80.0,2
5035.0,1,1,75.0,1
5024.0,1,1,75.0,1
4353.0,1,1,75.0,1
981.0,1,1,80.0,1
5015.0,1,1,75.0,2
957.0,1,1,75.0,1
4376.0,1,1,80.0,2
5014.0,1,1,75.0,1
5013.0,1,1,75.0,1
5012.0,1,1,80.0,2
4380.0,1,1,80.0,2
952.0,1,1,80.0,2
4381.0,1,1,70.0,1
133.0,1,1,80.0,1
4382.0,1,1,75.0,1
4383.0,1,1,75.0,1
4384.0,1,1,75.0,1
5016.0,1,1,70.0,1
4495.0,1,1,75.0,1
4494.0,1,1,80.0,2
5011.0,1,1,70.0,3
946.0,1,1,70.0,1
945.0,1,1,75.0,1
4387.0,1,1,75.0,1
4388.0,1,1,75.0,2
4493.0,1,1,65.0,1
5010.0,1,1,75.0,1
136.0,1,1,70.0,1
4492.0,1,1,70.0,1
5009.0,1,1,80.0,2
138.0,1,1,80.0,1
938.0,1,1,65.0,3
4981.0,1,1,75.0,1
4354.0,1,1,75.0,1
4496.0,1,1,75.0,1
4373.0,1,1,75.0,1
814.0,1,1,70.0,1
4501.0,1,1,65.0,1
4355.0,1,1,65.0,3
979.0,1,1,65.0,3
4356.0,1,1,75.0,1
4357.0,1,1,75.0,1
5023.0,1,1,80.0,2
5022.0,1,1,75.0,2
5021.0,1,1,70.0,1
4360.0,1,1,70.0,1
974.0,1,1,75.0,1
4361.0,1,1,70.0,3
5020.0,1,1,70.0,1
4500.0,1,1,70.0,1
4363.0,1,1,70.0,1
965.0,1,1,75.0,1
4372.0,1,1,75.0,1
5017.0,1,1,75.0,1
4370.0,1,1,75.0,1
4369.0,1,1,75.0,1
4497.0,1,1,75.0,1
4368.0,1,1,75.0,1
4364.0,1,1,75.0,1
847.0,1,1,75.0,2
4367.0,1,1,75.0,1
4366.0,1,1,75.0,1
968.0,1,1,70.0,1
817.0,1,1,45.0,2
5018.0,1,1,80.0,2
4499.0,1,1,70.0,1
2997.0,2,2,150.0,6
2839.0,2,2,145.0,6
3106.0,2,2,140.0,2
2975.0,2,2,140.0,2
2851.0,2,2,140.0,2
3076.0,2,2,150.0,2
2965.0,2,2,155.0,4
3075.0,2,2,140.0,2
3072.0,2,2,160.0,4
2894.0,2,2,150.0,2
2954.0,2,2,155.0,4
2896.0,2,2,145.0,2
3068.0,2,2,155.0,3
3066.0,2,2,140.0,5
2900.0,2,2,155.0,4
3031.0,2,2,150.0,2
3034.0,2,2,150.0,4
2908.0,2,2,140.0,4
2912.0,2,2,130.0,6
2915.0,2,2,150.0,2
3042.0,2,2,150.0,2
2936.0,1,2,75.0,1
2935.0,2,2,150.0,2
2934.0,2,2,150.0,2
2932.0,2,2,145.0,2
2924.0,2,2,145.0,2
5040.0,1,2,80.0,2
2945.0,2,2,150.0,2
3079.0,2,2,135.0,6
2884.0,2,2,135.0,6
2879.0,2,2,155.0,3
3005.0,2,2,155.0,4
3103.0,2,2,140.0,3
2856.0,2,2,150.0,2
3012.0,2,2,135.0,6
2858.0,2,2,140.0,2
3100.0,2,2,155.0,2
2980.0,1,2,70.0,1
2979.0,2,2,135.0,2
3095.0,2,2,130.0,6
3093.0,2,2,150.0,2
3021.0,2,2,150.0,3
3092.0,2,2,135.0,6
3090.0,2,2,150.0,2
2868.0,2,2,145.0,2
2871.0,2,2,140.0,2
3025.0,2,2,145.0,2
3086.0,2,2,155.0,6
2974.0,2,2,145.0,2
2973.0,2,2,150.0,3
3084.0,2,2,158.0,4
2972.0,2,2,150.0,2
3028.0,2,2,130.0,4
3081.0,2,2,145.0,2
3004.0,2,2,150.0,2
4976.0,1,2,70.0,1
4091.0,2,2,147.0,2
3108.0,2,2,155.0,2
3841.0,2,2,145.0,6
3838.0,2,2,155.0,3
3836.0,2,2,150.0,2
4324.0,2,2,150.0,2
4326.0,2,2,150.0,2
4327.0,2,2,150.0,3
4328.0,1,2,70.0,1
4330.0,2,2,150.0,3
4319.0,2,2,150.0,2
3829.0,2,2,155.0,3
4335.0,2,2,160.0,4
4345.0,2,2,150.0,2
4348.0,2,2,150.0,2
3812.0,2,2,155.0,4
3808.0,2,2,140.0,6
3807.0,2,2,145.0,6
4352.0,2,2,155.0,4
3805.0,2,2,150.0,2
3824.0,2,2,150.0,2
3846.0,2,2,150.0,2
4318.0,2,2,150.0,2
4317.0,2,2,140.0,2
3894.0,2,2,160.0,4
3893.0,2,2,135.0,6
4287.0,2,2,150.0,3
4292.0,2,2,155.0,3
3885.0,2,2,150.0,2
4297.0,2,2,145.0,2
3875.0,2,2,140.0,2
4301.0,2,2,140.0,6
3871.0,2,2,150.0,3
4305.0,2,2,150.0,2
3869.0,2,2,150.0,2
3867.0,2,2,150.0,2
3866.0,2,2,150.0,3
4307.0,2,2,150.0,2
3861.0,2,2,150.0,2
3860.0,2,2,140.0,2
3856.0,2,2,150.0,4
4313.0,2,2,142.0,2
3853.0,2,2,135.0,6
3801.0,2,2,155.0,3
4359.0,2,2,145.0,2
3799.0,2,2,150.0,2
4362.0,2,2,150.0,2
3745.0,2,2,150.0,4
4408.0,2,2,140.0,2
4409.0,2,2,150.0,2
4411.0,2,2,140.0,2
3740.0,2,2,155.0,4
3731.0,2,2,150.0,2
4429.0,2,2,150.0,2
3724.0,2,2,150.0,2
4435.0,2,2,140.0,2
3717.0,2,2,150.0,2
3714.0,2,2,150.0,2
3713.0,2,2,140.0,5
3712.0,2,2,135.0,6
4440.0,2,2,150.0,2
3710.0,2,2,150.0,2
3708.0,2,2,150.0,2
4445.0,2,2,160.0,4
4447.0,2,2,155.0,4
3703.0,2,2,130.0,6
3748.0,1,2,75.0,2
3895.0,2,2,150.0,2
4401.0,2,2,140.0,3
3755.0,2,2,150.0,2
4365.0,2,2,150.0,2
3790.0,2,2,155.0,3
4371.0,2,2,145.0,6
4374.0,2,2,160.0,4
3779.0,2,2,150.0,3
4378.0,2,2,150.0,5
3775.0,2,2,150.0,2
4379.0,2,2,149.0,2
3770.0,2,2,145.0,2
3765.0,2,2,150.0,2
4386.0,2,2,140.0,6
4390.0,2,2,140.0,6
4391.0,2,2,150.0,2
4392.0,2,2,148.0,2
4393.0,2,2,140.0,2
3758.0,2,2,150.0,2
4395.0,2,2,160.0,4
4396.0,2,2,150.0,2
4397.0,2,2,150.0,2
4400.0,2,2,140.0,2
4281.0,2,2,150.0,2
3899.0,2,2,150.0,2
4279.0,2,2,150.0,2
4038.0,2,2,150.0,4
4032.0,2,2,145.0,2
4030.0,2,2,150.0,2
4029.0,2,2,145.0,2
4028.0,2,2,160.0,4
4025.0,2,2,145.0,2
4154.0,2,2,150.0,2
4160.0,2,2,150.0,2
4014.0,2,2,140.0,6
4010.0,2,2,150.0,2
4006.0,2,2,145.0,2
4168.0,2,2,140.0,6
4169.0,2,2,150.0,2
4000.0,2,2,150.0,3
3998.0,2,2,150.0,2
3997.0,2,2,155.0,4
3995.0,2,2,150.0,3
4178.0,2,2,150.0,5
3993.0,2,2,150.0,2
4040.0,2,2,145.0,2
3992.0,2,2,145.0,2
4141.0,2,2,155.0,3
4136.0,2,2,150.0,3
4092.0,2,2,145.0,4
4094.0,2,2,150.0,2
4083.0,2,2,155.0,3
4099.0,2,2,150.0,2
4101.0,2,2,140.0,3
4073.0,2,2,144.0,2
4110.0,2,2,140.0,4
4111.0,2,2,150.0,2
4067.0,2,2,160.0,4
4113.0,2,2,150.0,2
4114.0,2,2,150.0,2
4064.0,2,2,150.0,2
4116.0,2,2,150.0,2
4120.0,2,2,150.0,2
4125.0,2,2,150.0,3
4055.0,2,2,150.0,2
4129.0,2,2,150.0,3
4050.0,2,2,140.0,6
4135.0,2,2,150.0,4
4138.0,2,2,140.0,2
3702.0,2,2,150.0,3
4179.0,2,2,140.0,6
4186.0,2,2,150.0,2
4241.0,2,2,160.0,4
4243.0,2,2,140.0,6
3933.0,2,2,145.0,2
3931.0,2,2,150.0,2
3930.0,2,2,150.0,5
3929.0,2,2,150.0,6
4248.0,2,2,150.0,2
4257.0,2,2,145.0,2
4259.0,2,2,140.0,6
4262.0,2,2,150.0,2
4263.0,2,2,145.0,3
4271.0,2,2,145.0,2
3910.0,2,2,150.0,2
4272.0,2,2,150.0,2
3907.0,2,2,155.0,3
3906.0,2,2,150.0,2
4277.0,2,2,150.0,2
4278.0,2,2,150.0,2
3901.0,2,2,155.0,3
4240.0,2,2,150.0,2
3987.0,2,2,140.0,2
4233.0,2,2,150.0,2
4232.0,2,2,150.0,2
3985.0,2,2,155.0,3
4191.0,2,2,150.0,3
4193.0,2,2,130.0,4
4200.0,2,2,149.0,2
3977.0,2,2,150.0,2
3974.0,2,2,140.0,6
3970.0,2,2,150.0,3
4207.0,2,2,150.0,2
3966.0,2,2,150.0,2
3965.0,2,2,130.0,2
4217.0,2,2,100.0,3
4218.0,1,2,70.0,5
3957.0,2,2,140.0,2
4224.0,2,2,150.0,3
4226.0,1,2,70.0,1
3951.0,1,2,75.0,1
4228.0,1,2,65.0,1
4230.0,2,2,140.0,4
4231.0,2,2,150.0,2
3947.0,2,2,150.0,4
3107.0,2,2,150.0,2
4450.0,2,2,155.0,3
3692.0,2,2,150.0,3
3339.0,2,2,155.0,3
3338.0,2,2,155.0,2
4729.0,2,2,150.0,2
4730.0,2,2,140.0,2
4738.0,2,2,145.0,2
3325.0,1,2,70.0,1
3319.0,2,2,150.0,3
3316.0,2,2,130.0,6
3341.0,2,2,145.0,2
3314.0,2,2,145.0,2
3299.0,2,2,140.0,2
4755.0,2,2,150.0,2
4756.0,2,2,140.0,4
3293.0,2,2,160.0,4
4761.0,2,2,145.0,2
4762.0,2,2,150.0,2
3286.0,2,2,160.0,4
3285.0,2,2,150.0,2
3312.0,2,2,150.0,3
3342.0,2,2,155.0,4
3343.0,2,2,145.0,2
3344.0,2,2,150.0,2
3395.0,2,2,140.0,2
3394.0,2,2,150.0,2
4688.0,2,2,145.0,6
3385.0,2,2,160.0,4
4692.0,2,2,150.0,2
4693.0,1,2,65.0,1
3381.0,2,2,150.0,2
3380.0,2,2,145.0,2
3379.0,2,2,150.0,2
3372.0,2,2,150.0,4
4698.0,2,2,155.0,3
3370.0,2,2,150.0,2
4702.0,2,2,150.0,2
4703.0,1,2,80.0,2
3363.0,2,2,150.0,3
3361.0,2,2,150.0,2
3359.0,2,2,140.0,2
3354.0,2,2,150.0,2
3351.0,2,2,155.0,4
3283.0,2,2,150.0,2
3281.0,2,2,155.0,2
3279.0,2,2,150.0,2
3273.0,2,2,160.0,2
3182.0,2,2,150.0,2
3179.0,2,2,160.0,4
3177.0,2,2,150.0,2
4815.0,2,2,160.0,4
3159.0,2,2,155.0,2
3156.0,2,2,140.0,2
3155.0,2,2,135.0,6
3154.0,2,2,160.0,4
4842.0,2,2,150.0,2
3152.0,2,2,150.0,2
4844.0,2,2,150.0,4
4853.0,2,2,150.0,2
3132.0,2,2,145.0,2
3131.0,2,2,140.0,2
4860.0,2,2,150.0,3
3126.0,2,2,160.0,4
4874.0,2,2,140.0,2
4877.0,2,2,150.0,2
3109.0,2,2,150.0,2
3187.0,2,2,275.0,2
3404.0,2,2,150.0,3
3194.0,2,2,150.0,3
3206.0,1,2,75.0,1
3268.0,2,2,150.0,4
3266.0,1,2,75.0,1
4776.0,2,2,160.0,4
3257.0,2,2,140.0,2
3254.0,2,2,140.0,2
3252.0,2,2,150.0,2
3248.0,2,2,135.0,2
3245.0,2,2,160.0,4
3243.0,2,2,150.0,2
4785.0,2,2,150.0,2
3239.0,2,2,135.0,6
3228.0,2,2,160.0,3
3226.0,2,2,155.0,2
3225.0,2,2,145.0,2
3222.0,2,2,135.0,6
3219.0,2,2,135.0,6
3210.0,2,2,150.0,2
4803.0,2,2,145.0,6
3208.0,2,2,150.0,2
3195.0,2,2,150.0,2
4678.0,2,2,150.0,2
3407.0,2,2,150.0,2
3409.0,2,2,155.0,3
4519.0,2,2,150.0,2
4521.0,2,2,150.0,2
4523.0,2,2,150.0,2
3616.0,2,2,140.0,6
3612.0,2,2,150.0,4
3611.0,2,2,150.0,2
3604.0,2,2,149.0,2
4536.0,2,2,150.0,2
3598.0,2,2,150.0,2
3594.0,1,2,75.0,1
4543.0,2,2,150.0,2
3588.0,2,2,135.0,6
3586.0,2,2,145.0,2
4554.0,2,2,150.0,3
3585.0,2,2,150.0,2
4555.0,2,2,150.0,2
3583.0,2,2,150.0,2
3577.0,2,2,135.0,6
4564.0,2,2,150.0,2
3626.0,2,2,155.0,4
3573.0,2,2,155.0,4
4516.0,2,2,150.0,2
3633.0,2,2,145.0,2
4461.0,2,2,150.0,2
3687.0,2,2,140.0,2
3685.0,2,2,140.0,2
3684.0,2,2,140.0,2
3679.0,2,2,150.0,2
3671.0,2,2,155.0,2
4481.0,2,2,150.0,2
3668.0,1,2,65.0,1
4483.0,2,2,150.0,3
4484.0,2,2,150.0,2
4486.0,2,2,155.0,3
3661.0,2,2,150.0,2
4488.0,1,2,70.0,1
3660.0,2,2,130.0,3
3655.0,2,2,135.0,2
3654.0,2,2,150.0,3
3651.0,2,2,140.0,2
3645.0,2,2,155.0,4
3637.0,2,2,150.0,2
3631.0,2,2,145.0,2
3693.0,2,2,155.0,4
3569.0,2,2,145.0,2
3566.0,2,2,150.0,2
4617.0,2,2,150.0,2
4619.0,2,2,150.0,7
3475.0,2,2,150.0,2
3473.0,2,2,145.0,2
3472.0,2,2,140.0,2
3471.0,2,2,135.0,2
4623.0,2,2,155.0,3
3468.0,2,2,150.0,2
3463.0,2,2,155.0,3
4627.0,2,2,155.0,4
4629.0,2,2,150.0,2
4635.0,2,2,145.0,4
4647.0,2,2,140.0,6
4648.0,2,2,160.0,4
4649.0,2,2,150.0,2
4651.0,2,2,150.0,2
3414.0,2,2,155.0,4
3412.0,2,2,150.0,2
3411.0,2,2,140.0,2
3481.0,2,2,150.0,2
3567.0,2,2,130.0,6
3492.0,2,2,140.0,2
4607.0,2,2,150.0,2
3561.0,2,2,145.0,2
3553.0,2,2,140.0,4
3548.0,2,2,150.0,2
3546.0,2,2,150.0,2
3541.0,2,2,150.0,2
3539.0,1,2,75.0,1
3538.0,2,2,135.0,6
3536.0,2,2,150.0,2
3534.0,2,2,150.0,2
3531.0,2,2,140.0,2
3530.0,2,2,140.0,2
3526.0,2,2,145.0,2
3524.0,2,2,100.0,3
3516.0,2,2,150.0,2
3515.0,1,2,75.0,5
3514.0,2,2,145.0,2
3513.0,2,2,140.0,2
4597.0,2,2,140.0,6
4604.0,2,2,150.0,2
4608.0,2,2,150.0,2
3454.0,1,2,75.0,1
2542.0,2,2,155.0,3
2835.0,2,2,155.0,3
1409.0,2,2,140.0,4
1399.0,2,2,150.0,2
2287.0,2,2,155.0,4
2288.0,2,2,145.0,2
1397.0,2,2,140.0,2
1390.0,2,2,155.0,2
2292.0,2,2,150.0,2
2293.0,2,2,130.0,6
1380.0,2,2,140.0,2
1372.0,2,2,150.0,2
1369.0,2,2,150.0,2
1366.0,2,2,160.0,4
1359.0,2,2,140.0,2
1356.0,2,2,160.0,4
1353.0,2,2,160.0,4
2309.0,2,2,130.0,6
1341.0,2,2,135.0,6
1333.0,2,2,140.0,2
1310.0,2,2,155.0,3
2320.0,2,2,140.0,4
1284.0,2,2,140.0,2
2323.0,2,2,150.0,2
1279.0,2,2,145.0,2
1275.0,2,2,115.0,3
1273.0,2,2,145.0,3
1272.0,2,2,155.0,3
1267.0,2,2,140.0,2
1414.0,2,2,140.0,2
2277.0,2,2,145.0,5
2274.0,2,2,140.0,2
1416.0,2,2,140.0,2
2224.0,2,2,140.0,4
1494.0,2,2,145.0,3
1492.0,2,2,140.0,2
1491.0,2,2,145.0,2
2228.0,2,2,150.0,2
1489.0,2,2,150.0,2
1480.0,2,2,160.0,4
1473.0,2,2,154.0,3
2240.0,2,2,145.0,2
2241.0,2,2,145.0,3
2242.0,2,2,140.0,2
1456.0,2,2,150.0,4
2249.0,2,2,145.0,2
1265.0,2,2,150.0,2
1449.0,2,2,140.0,2
2251.0,2,2,150.0,2
2252.0,2,2,150.0,2
1446.0,2,2,160.0,4
2256.0,2,2,150.0,2
1445.0,2,2,150.0,2
1440.0,2,2,145.0,2
1438.0,2,2,150.0,3
1434.0,2,2,145.0,2
1429.0,2,2,140.0,2
1421.0,2,2,150.0,2
2271.0,2,2,160.0,4
1417.0,2,2,135.0,6
2273.0,2,2,150.0,2
2250.0,2,2,140.0,2
2332.0,2,2,145.0,2
2336.0,2,2,150.0,2
1251.0,2,2,160.0,4
2403.0,2,2,150.0,2
2407.0,2,2,160.0,4
1047.0,2,2,150.0,2
1045.0,2,2,145.0,2
2412.0,2,2,140.0,2
1038.0,2,2,150.0,2
2414.0,2,2,150.0,2
2418.0,1,2,64.0,1
2420.0,2,2,135.0,6
1032.0,2,2,150.0,2
2424.0,2,2,150.0,2
1022.0,2,2,155.0,3
2426.0,2,2,150.0,3
1065.0,2,2,130.0,6
2427.0,2,2,75.0,2
1006.0,2,2,155.0,2
1004.0,2,2,150.0,2
2440.0,2,2,135.0,4
2443.0,2,2,140.0,2
988.0,2,2,150.0,3
2445.0,2,2,145.0,2
970.0,2,2,140.0,3
2453.0,2,2,140.0,2
2454.0,2,2,140.0,2
959.0,2,2,135.0,2
2460.0,2,2,150.0,6
2466.0,2,2,150.0,3
2472.0,2,2,150.0,2
1019.0,2,2,150.0,2
1497.0,1,2,80.0,2
1073.0,2,2,160.0,4
1086.0,2,2,160.0,4
1241.0,2,2,150.0,2
1233.0,2,2,150.0,3
1231.0,2,2,150.0,4
1229.0,2,2,140.0,2
1228.0,2,2,145.0,2
2349.0,2,2,145.0,3
1214.0,2,2,155.0,4
1213.0,2,2,155.0,3
1206.0,2,2,160.0,4
1179.0,2,2,130.0,6
2352.0,2,2,140.0,6
1177.0,2,2,150.0,2
1174.0,2,2,150.0,2
2386.0,2,2,145.0,2
2356.0,2,2,150.0,2
1959.0,2,2,145.0,2
1165.0,2,2,130.0,6
1162.0,2,2,130.0,6
1161.0,2,2,145.0,2
1151.0,2,2,130.0,6
2364.0,2,2,150.0,3
1135.0,2,2,160.0,4
1124.0,2,2,160.0,4
1117.0,2,2,150.0,2
2382.0,2,2,135.0,6
1097.0,2,2,160.0,4
1089.0,2,2,140.0,2
1088.0,2,2,160.0,4
1170.0,2,2,145.0,2
2478.0,2,2,150.0,6
1501.0,2,2,155.0,3
1506.0,2,2,130.0,6
1878.0,2,2,150.0,2
1866.0,2,2,150.0,2
1861.0,2,2,145.0,2
1859.0,2,2,140.0,2
1858.0,2,2,150.0,2
1853.0,2,2,130.0,6
1850.0,2,2,150.0,2
1849.0,2,2,150.0,2
2027.0,2,2,150.0,3
2030.0,2,2,160.0,4
1828.0,2,2,149.0,2
2035.0,2,2,150.0,2
2039.0,2,2,150.0,2
1821.0,2,2,145.0,2
2045.0,2,2,150.0,4
1801.0,2,2,140.0,2
1794.0,2,2,155.0,3
2054.0,2,2,145.0,2
1775.0,2,2,150.0,2
2056.0,2,2,150.0,4
2057.0,2,2,150.0,2
1758.0,2,2,130.0,6
1752.0,2,2,145.0,2
2063.0,2,2,150.0,3
1745.0,2,2,140.0,4
1744.0,2,2,150.0,2
1737.0,2,2,145.0,6
1881.0,2,2,150.0,3
1891.0,2,2,145.0,2
1894.0,1,2,75.0,1
2005.0,2,2,130.0,6
1952.0,2,2,150.0,2
1946.0,2,2,150.0,4
1966.0,2,2,140.0,2
1968.0,2,2,160.0,4
1969.0,2,2,150.0,3
1945.0,2,2,145.0,2
1974.0,2,2,150.0,3
1975.0,2,2,140.0,2
1942.0,2,2,140.0,4
1978.0,2,2,280.0,4
1941.0,2,2,145.0,2
1982.0,2,2,140.0,2
1939.0,2,2,140.0,2
1725.0,2,2,145.0,2
1931.0,2,2,160.0,4
1989.0,2,2,130.0,6
1925.0,2,2,140.0,2
1923.0,2,2,135.0,2
1992.0,2,2,140.0,6
1994.0,2,2,145.0,3
1922.0,2,2,145.0,2
1920.0,2,2,150.0,2
1918.0,2,2,150.0,4
1916.0,2,2,150.0,6
2000.0,2,2,130.0,2
1909.0,2,2,145.0,3
1908.0,2,2,135.0,6
1907.0,2,2,150.0,2
1986.0,2,2,150.0,2
1724.0,2,2,135.0,6
2072.0,2,2,150.0,2
2073.0,2,2,155.0,2
2157.0,2,2,150.0,2
2160.0,2,2,145.0,3
1580.0,2,2,150.0,3
1579.0,2,2,150.0,2
2162.0,2,2,149.0,2
2163.0,2,2,155.0,3
1572.0,2,2,145.0,2
2166.0,2,2,150.0,3
2167.0,2,2,160.0,4
2173.0,2,2,150.0,2
1566.0,2,2,145.0,2
1562.0,2,2,130.0,6
1560.0,2,2,150.0,2
2155.0,2,2,140.0,2
1558.0,2,2,140.0,2
2183.0,2,2,150.0,2
2185.0,2,2,140.0,2
1553.0,2,2,135.0,6
1551.0,2,2,150.0,2
1534.0,2,2,150.0,2
1525.0,2,2,320.0,4
2200.0,2,2,130.0,2
2202.0,1,2,75.0,2
2203.0,2,2,135.0,6
1524.0,2,2,155.0,2
1521.0,2,2,140.0,2
2207.0,2,2,155.0,4
2213.0,2,2,140.0,2
2180.0,2,2,120.0,4
1505.0,2,2,135.0,4
1588.0,2,2,145.0,2
2153.0,2,2,145.0,2
1709.0,2,2,160.0,4
1705.0,2,2,145.0,2
2101.0,2,2,150.0,2
1700.0,2,2,140.0,2
1697.0,2,2,145.0,2
2105.0,2,2,150.0,2
1692.0,2,2,140.0,3
1690.0,2,2,130.0,6
1684.0,2,2,140.0,2
2111.0,2,2,150.0,2
1681.0,2,2,145.0,3
2114.0,2,2,150.0,2
2125.0,2,2,150.0,2
1600.0,2,2,145.0,2
1660.0,2,2,155.0,3
1655.0,2,2,150.0,2
1651.0,2,2,160.0,4
1647.0,2,2,130.0,6
2134.0,2,2,150.0,2
1640.0,2,2,150.0,2
2139.0,2,2,155.0,3
1632.0,2,2,145.0,2
2143.0,2,2,145.0,2
2144.0,2,2,150.0,2
1615.0,2,2,160.0,4
1612.0,2,2,128.0,2
2150.0,2,2,150.0,3
2152.0,2,2,140.0,2
1657.0,2,2,130.0,6
2479.0,2,2,155.0,3
1168.0,2,2,150.0,4
481.0,2,2,150.0,2
331.0,2,2,160.0,3
664.0,2,2,155.0,3
2594.0,2,2,150.0,2
332.0,2,2,150.0,2
2599.0,2,2,150.0,3
652.0,2,2,135.0,6
334.0,2,2,150.0,2
637.0,2,2,130.0,6
2605.0,2,2,145.0,2
2743.0,2,2,155.0,4
629.0,2,2,150.0,3
2606.0,2,2,160.0,4
622.0,2,2,150.0,2
2611.0,2,2,150.0,2
614.0,2,2,150.0,3
613.0,2,2,150.0,3
591.0,2,2,150.0,3
2624.0,2,2,145.0,2
2742.0,2,2,145.0,2
2627.0,2,2,150.0,2
345.0,2,2,145.0,2
327.0,2,2,150.0,2
2591.0,2,2,145.0,4
675.0,2,2,140.0,3
2588.0,2,2,140.0,2
2557.0,2,2,150.0,2
752.0,2,2,145.0,2
270.0,2,2,155.0,2
743.0,2,2,145.0,2
734.0,2,2,145.0,3
733.0,2,2,150.0,2
275.0,2,2,150.0,2
731.0,2,2,150.0,10
729.0,2,2,130.0,6
284.0,2,2,155.0,4
574.0,2,2,145.0,2
2566.0,2,2,150.0,2
308.0,2,2,150.0,2
704.0,2,2,140.0,2
697.0,2,2,150.0,2
310.0,2,2,130.0,6
2757.0,2,2,160.0,4
692.0,2,2,150.0,2
689.0,2,2,150.0,2
2754.0,2,2,145.0,2
682.0,2,2,145.0,2
326.0,2,2,155.0,4
713.0,2,2,130.0,6
753.0,2,2,155.0,3
568.0,2,2,150.0,2
560.0,2,2,160.0,4
2683.0,2,2,160.0,4
370.0,2,2,150.0,2
371.0,2,2,155.0,3
453.0,2,2,130.0,6
447.0,2,2,145.0,2
2686.0,2,2,140.0,2
2688.0,2,2,135.0,6
380.0,2,2,155.0,3
2689.0,2,2,140.0,2
382.0,2,2,155.0,3
2692.0,2,2,150.0,4
441.0,2,2,140.0,2
386.0,2,2,150.0,2
2711.0,2,2,145.0,2
428.0,2,2,140.0,2
424.0,2,2,150.0,2
391.0,2,2,140.0,2
415.0,2,2,155.0,2
394.0,2,2,155.0,3
411.0,2,2,150.0,2
405.0,2,2,140.0,2
369.0,2,2,150.0,2
2679.0,2,2,145.0,2
2727.0,2,2,155.0,3
2677.0,2,2,145.0,2
2637.0,2,2,145.0,3
2639.0,1,2,70.0,1
2740.0,2,2,140.0,2
2738.0,1,2,75.0,2
541.0,2,2,150.0,2
347.0,2,2,155.0,2
530.0,2,2,155.0,4
350.0,2,2,160.0,4
2736.0,2,2,145.0,2
2734.0,2,2,150.0,6
567.0,2,2,140.0,2
354.0,1,2,80.0,2
2659.0,2,2,135.0,6
504.0,2,2,160.0,4
503.0,2,2,150.0,2
2665.0,2,2,140.0,4
2480.0,2,2,155.0,3
477.0,2,2,130.0,6
472.0,2,2,130.0,3
2671.0,2,2,140.0,2
2675.0,2,2,145.0,2
359.0,2,2,155.0,4
529.0,1,2,65.0,1
2773.0,2,2,130.0,6
309.0,2,2,150.0,2
756.0,2,2,150.0,2
826.0,2,2,130.0,6
2513.0,2,2,150.0,3
110.0,2,2,155.0,2
2804.0,2,2,160.0,5
112.0,2,2,145.0,3
116.0,2,2,155.0,3
117.0,2,2,155.0,2
2800.0,2,2,140.0,2
2798.0,2,2,150.0,2
126.0,2,2,155.0,3
149.0,2,2,155.0,4
163.0,2,2,130.0,6
2521.0,2,2,160.0,4
168.0,2,2,155.0,2
2792.0,2,2,155.0,3
2789.0,2,2,130.0,6
181.0,2,2,155.0,2
795.0,2,2,140.0,2
2786.0,2,2,140.0,2
793.0,2,2,155.0,2
201.0,2,2,160.0,4
827.0,2,2,275.0,2
2533.0,2,2,150.0,3
2509.0,2,2,135.0,6
88.0,2,2,155.0,2
2831.0,2,2,145.0,2
928.0,2,2,130.0,6
2830.0,2,2,155.0,4
8.0,2,2,145.0,3
13.0,2,2,145.0,4
901.0,2,2,155.0,2
30.0,2,2,130.0,6
899.0,2,2,120.0,2
898.0,2,2,145.0,2
34.0,2,2,145.0,2
40.0,2,2,145.0,5
42.0,2,2,155.0,2
887.0,2,2,140.0,2
871.0,2,2,130.0,2
2499.0,2,2,155.0,4
868.0,2,2,150.0,2
865.0,2,2,145.0,2
2502.0,2,2,140.0,4
2504.0,2,2,155.0,4
82.0,2,2,155.0,3
2505.0,2,2,150.0,2
839.0,2,2,145.0,2
205.0,2,2,150.0,2
815.0,2,2,140.0,2
398.0,2,2,150.0,2
243.0,1,2,70.0,1
775.0,2,2,130.0,2
759.0,2,2,145.0,2
236.0,2,2,145.0,2
789.0,2,2,130.0,6
2538.0,2,2,155.0,4
777.0,2,2,135.0,6
2549.0,2,2,140.0,2
237.0,2,2,145.0,6
248.0,2,2,150.0,4
2546.0,2,2,150.0,2
2539.0,2,2,150.0,2
2537.0,2,2,135.0,6
213.0,2,2,155.0,2
2550.0,2,2,145.0,2
209.0,2,2,130.0,2
2777.0,2,2,150.0,2
362.0,3,3,225.0,5
1664.0,3,3,215.0,3
3565.0,3,3,225.0,3
1636.0,3,3,225.0,3
1934.0,3,3,220.0,3
45.0,3,3,195.0,9
48.0,3,3,200.0,9
364.0,3,3,225.0,4
1804.0,3,3,224.5,3
1646.0,3,3,215.0,3
1802.0,3,3,222.0,3
365.0,3,3,225.0,3
74.0,3,3,210.0,3
5071.0,1,3,65.0,1
1833.0,3,3,225.0,4
1648.0,3,3,230.0,5
378.0,3,3,220.0,3
3810.0,3,3,225.0,3
1953.0,3,3,235.0,5
3837.0,3,3,225.0,3
396.0,3,3,230.0,4
249.0,1,3,75.0,1
253.0,3,3,210.0,3
4830.0,3,3,210.0,3
3559.0,3,3,225.0,3
1831.0,3,3,225.0,3
3830.0,3,3,225.0,3
3560.0,3,3,230.0,5
1610.0,3,3,225.0,3
1824.0,3,3,195.0,9
17.0,3,3,230.0,4
1832.0,3,3,240.0,6
1818.0,3,3,215.0,4
274.0,3,3,210.0,3
1943.0,3,3,200.0,9
3669.0,3,3,225.0,3
1619.0,3,3,210.0,3
1813.0,3,3,215.0,3
1623.0,3,3,215.0,3
1811.0,3,3,215.0,3
3564.0,3,3,215.0,3
1635.0,3,3,195.0,9
355.0,2,3,155.0,2
3729.0,2,3,135.0,2
1836.0,3,3,195.0,9
315.0,3,3,230.0,4
1706.0,3,3,225.0,3
3591.0,3,3,225.0,3
1707.0,3,3,240.0,6
230.0,3,3,210.0,3
1708.0,3,3,210.0,5
1905.0,3,3,215.0,3
316.0,3,3,240.0,6
3596.0,3,3,240.0,6
1895.0,3,3,240.0,6
145.0,3,3,195.0,9
1742.0,3,3,220.0,3
1714.0,2,3,140.0,2
1716.0,3,3,220.0,3
1893.0,3,3,220.0,3
1717.0,3,3,220.0,3
3738.0,3,3,224.0,4
1885.0,3,3,195.0,3
3725.0,3,3,210.0,3
1729.0,3,3,200.0,5
1721.0,3,3,240.0,6
3610.0,3,3,235.0,6
3744.0,3,3,230.0,5
1666.0,3,3,200.0,9
3750.0,3,3,225.0,3
1827.0,3,3,215.0,3
1667.0,3,3,225.0,3
3647.0,3,3,230.0,5
1783.0,3,3,225.0,3
1864.0,3,3,235.0,5
1669.0,3,3,200.0,9
3777.0,3,3,235.0,6
1671.0,3,3,225.0,4
1677.0,2,3,140.0,2
291.0,3,3,215.0,9
1928.0,3,3,200.0,9
1748.0,3,3,230.0,4
4863.0,2,3,150.0,2
1689.0,3,3,195.0,9
102.0,3,3,230.0,3
348.0,3,3,205.0,8
1847.0,3,3,225.0,3
1696.0,3,3,225.0,3
1590.0,3,3,225.0,3
3581.0,3,3,220.0,3
1702.0,3,3,235.0,5
1749.0,3,3,220.0,3
1919.0,3,3,210.0,3
303.0,3,3,215.0,4
1777.0,3,3,215.0,3
4398.0,3,3,225.0,3
402.0,3,3,225.0,6
1158.0,3,3,220.0,3
4198.0,3,3,225.0,3
4199.0,3,3,210.0,3
1143.0,3,3,220.0,3
4209.0,3,3,225.0,4
1136.0,3,3,230.0,4
1131.0,3,3,240.0,6
4530.0,3,3,225.0,3
4223.0,3,3,225.0,3
1119.0,3,3,240.0,6
1111.0,3,3,200.0,4
1110.0,3,3,225.0,3
1100.0,3,3,195.0,9
797.0,3,3,240.0,6
1095.0,3,3,205.0,9
1092.0,3,3,225.0,3
1120.0,3,3,210.0,3
4183.0,3,3,225.0,3
776.0,3,3,205.0,3
4537.0,3,3,225.0,3
1252.0,3,3,240.0,6
1249.0,3,3,220.0,4
1248.0,3,3,200.0,9
4122.0,3,3,220.0,3
4124.0,3,3,235.0,5
1235.0,3,3,210.0,3
749.0,3,3,200.0,9
1232.0,3,3,225.0,3
751.0,3,3,230.0,5
1225.0,3,3,215.0,9
4139.0,3,3,225.0,3
1217.0,3,3,220.0,3
757.0,3,3,225.0,3
1188.0,3,3,195.0,9
1185.0,3,3,230.0,4
763.0,3,3,230.0,3
1173.0,3,3,220.0,3
799.0,3,3,205.0,7
801.0,3,3,235.0,6
4507.0,3,3,225.0,3
4265.0,3,3,230.0,4
892.0,3,3,235.0,5
985.0,3,3,240.0,6
984.0,3,3,215.0,3
982.0,3,3,180.0,3
4358.0,3,3,210.0,3
972.0,3,3,205.0,7
893.0,3,3,225.0,3
962.0,3,3,230.0,3
960.0,3,3,230.0,4
4377.0,3,3,240.0,6
954.0,3,3,215.0,3
4385.0,3,3,235.0,5
4430.0,3,3,225.0,3
4389.0,3,3,210.0,6
4420.0,3,3,225.0,3
941.0,3,3,210.0,8
930.0,3,3,240.0,6
993.0,3,3,235.0,5
1263.0,3,3,229.0,5
996.0,3,3,240.0,6
4471.0,3,3,225.0,3
4269.0,3,3,235.0,5
1076.0,3,3,215.0,3
1074.0,3,3,230.0,5
806.0,3,3,235.0,3
1068.0,3,3,225.0,5
4285.0,3,3,225.0,3
818.0,3,3,240.0,6
4290.0,3,3,240.0,6
820.0,3,3,220.0,3
4291.0,3,3,225.0,3
1056.0,3,3,205.0,7
1054.0,3,3,220.0,3
824.0,3,3,225.0,3
825.0,3,3,215.0,3
4303.0,1,3,70.0,1
1033.0,3,3,225.0,5
844.0,3,3,200.0,4
864.0,3,3,235.0,5
727.0,3,3,210.0,3
4584.0,1,3,70.0,1
717.0,3,3,200.0,9
470.0,2,3,155.0,4
1516.0,3,3,220.0,3
1515.0,3,3,235.0,5
1514.0,3,3,210.0,3
1509.0,3,3,220.0,4
1507.0,3,3,220.0,3
1500.0,3,3,210.0,3
3924.0,3,3,210.0,3
486.0,3,3,210.0,5
493.0,3,3,235.0,5
3932.0,3,3,220.0,3
1488.0,3,3,235.0,5
528.0,3,3,215.0,3
1474.0,3,3,225.0,3
1470.0,3,3,210.0,3
1468.0,3,3,230.0,5
1467.0,3,3,240.0,6
462.0,3,3,225.0,3
1465.0,3,3,215.0,3
456.0,3,3,225.0,3
454.0,3,3,210.0,3
1582.0,3,3,225.0,4
410.0,3,3,235.0,3
414.0,3,3,220.0,3
416.0,3,3,230.0,5
3858.0,3,3,225.0,4
427.0,3,3,225.0,3
1570.0,3,3,215.0,3
3863.0,3,3,230.0,5
432.0,3,3,215.0,4
443.0,3,3,200.0,9
1557.0,3,3,225.0,5
1556.0,3,3,220.0,5
3878.0,3,3,225.0,3
449.0,3,3,225.0,7
1545.0,3,3,215.0,3
1544.0,3,3,210.0,3
1535.0,3,3,195.0,9
455.0,3,3,235.0,6
3848.0,3,3,225.0,3
1462.0,3,3,205.0,9
532.0,3,3,240.0,6
669.0,3,3,200.0,9
672.0,3,3,210.0,3
1349.0,3,3,230.0,5
1347.0,3,3,225.0,4
4041.0,3,3,210.0,9
4042.0,3,3,225.0,4
1344.0,3,3,220.0,3
688.0,3,3,235.0,4
1329.0,3,3,210.0,3
4053.0,3,3,225.0,3
1309.0,3,3,220.0,4
1301.0,3,3,240.0,6
1298.0,3,3,225.0,4
1292.0,3,3,210.0,4
1280.0,3,3,215.0,5
707.0,3,3,200.0,5
1277.0,3,3,220.0,3
1370.0,3,3,200.0,9
3954.0,3,3,225.0,4
663.0,3,3,225.0,6
1396.0,3,3,210.0,3
3956.0,3,3,225.0,3
536.0,3,3,225.0,3
1450.0,3,3,220.0,6
545.0,3,3,225.0,3
550.0,3,3,195.0,9
3967.0,3,3,225.0,4
590.0,3,3,200.0,9
1437.0,3,3,240.0,6
3976.0,3,3,210.0,3
592.0,3,3,225.0,3
615.0,3,3,225.0,3
3988.0,3,3,235.0,6
632.0,3,3,230.0,3
3996.0,3,3,220.0,5
1401.0,2,3,150.0,2
636.0,3,3,210.0,5
638.0,3,3,235.0,5
1386.0,3,3,200.0,9
3545.0,3,3,210.0,3
3975.0,3,3,225.0,5
3091.0,3,3,225.0,6
3094.0,3,3,220.0,3
2197.0,3,3,220.0,3
2196.0,3,3,210.0,3
2928.0,3,3,220.0,3
2663.0,3,3,200.0,9
3345.0,3,3,225.0,3
2187.0,3,3,200.0,9
3352.0,3,3,215.0,9
2795.0,3,3,225.0,3
2176.0,3,3,200.0,5
2175.0,3,3,225.0,3
2656.0,3,3,225.0,3
2796.0,3,3,195.0,3
2161.0,3,3,175.0,3
2159.0,3,3,225.0,4
2654.0,3,3,215.0,8
3374.0,3,3,215.0,9
3096.0,3,3,230.0,3
3375.0,3,3,225.0,3
2199.0,3,3,225.0,6
2666.0,3,3,220.0,3
3295.0,3,3,215.0,3
2961.0,3,3,225.0,3
2963.0,3,3,230.0,5
2234.0,3,3,225.0,3
3308.0,3,3,225.0,3
2232.0,3,3,180.0,6
2485.0,3,3,220.0,3
2782.0,3,3,220.0,3
2681.0,3,3,210.0,3
3315.0,3,3,240.0,6
2970.0,3,3,227.0,3
2226.0,3,3,225.0,3
2225.0,3,3,210.0,3
2668.0,3,3,200.0,9
3322.0,3,3,225.0,3
2667.0,3,3,215.0,3
2215.0,3,3,220.0,3
2664.0,3,3,235.0,6
2258.0,3,3,225.0,4
3376.0,3,3,225.0,3
2506.0,3,3,205.0,7
2803.0,3,3,220.0,3
2116.0,3,3,225.0,3
2805.0,3,3,210.0,8
2636.0,3,3,210.0,5
3063.0,3,3,225.0,3
2532.0,3,3,225.0,5
3056.0,3,3,195.0,9
2098.0,3,3,195.0,9
3430.0,3,3,225.0,5
2086.0,3,3,195.0,9
2080.0,3,3,230.0,6
2074.0,3,3,220.0,3
3435.0,3,3,220.0,4
3439.0,3,3,225.0,3
2070.0,3,3,220.0,3
3441.0,3,3,225.0,3
2541.0,3,3,200.0,7
2117.0,3,3,210.0,3
3082.0,3,3,225.0,5
2522.0,3,3,225.0,5
2515.0,3,3,230.0,4
3382.0,3,3,220.0,3
2146.0,3,3,225.0,3
2141.0,3,3,225.0,4
2864.0,3,3,235.0,5
2985.0,3,3,230.0,3
2510.0,3,3,220.0,4
2511.0,3,3,230.0,4
3391.0,2,3,140.0,2
3074.0,3,3,205.0,9
3392.0,3,3,230.0,4
2135.0,3,3,215.0,3
2514.0,3,3,230.0,4
2130.0,3,3,225.0,3
3400.0,3,3,210.0,5
2642.0,3,3,225.0,3
3071.0,3,3,215.0,3
3070.0,3,3,230.0,3
2520.0,3,3,215.0,3
2960.0,3,3,225.0,3
2878.0,3,3,220.0,3
2267.0,3,3,200.0,9
2401.0,3,3,225.0,4
3201.0,3,3,225.0,3
3149.0,3,3,225.0,3
2410.0,3,3,225.0,3
2706.0,3,3,210.0,9
3205.0,3,3,225.0,3
3144.0,3,3,235.0,3
2704.0,3,3,200.0,9
3142.0,3,3,205.0,9
2346.0,3,3,220.0,3
3209.0,3,3,215.0,3
2344.0,3,3,240.0,6
2343.0,3,3,205.0,9
2413.0,3,3,230.0,9
2940.0,3,3,215.0,3
3136.0,3,3,220.0,3
2701.0,3,3,220.0,3
2744.0,3,3,215.0,3
2902.0,3,3,215.0,5
3200.0,3,3,225.0,3
2392.0,3,3,200.0,9
2370.0,3,3,220.0,3
2374.0,3,3,215.0,3
2725.0,3,3,225.0,3
2366.0,3,3,215.0,3
2730.0,3,3,225.0,8
2375.0,3,3,220.0,3
3178.0,3,3,220.0,3
3180.0,3,3,225.0,4
2383.0,3,3,220.0,3
2732.0,3,3,220.0,3
3183.0,3,3,210.0,3
2361.0,3,3,200.0,9
3166.0,3,3,240.0,6
2918.0,3,3,215.0,3
2716.0,3,3,225.0,3
3192.0,3,3,200.0,9
2387.0,3,3,230.0,4
2393.0,3,3,225.0,3
3217.0,3,3,210.0,3
3221.0,3,3,240.0,6
2334.0,3,3,240.0,6
3255.0,3,3,225.0,3
2300.0,3,3,225.0,4
2693.0,3,3,235.0,5
2770.0,3,3,205.0,9
3115.0,1,3,65.0,1
3265.0,3,3,210.0,3
2771.0,3,3,230.0,6
3270.0,3,3,225.0,4
2772.0,3,3,220.0,3
2283.0,3,3,210.0,3
3110.0,3,3,225.0,3
2272.0,2,3,145.0,2
3282.0,3,3,205.0,9
2459.0,3,3,225.0,3
2959.0,3,3,195.0,9
2268.0,3,3,200.0,9
2880.0,3,3,215.0,3
2948.0,3,3,230.0,3
2695.0,3,3,220.0,3
2446.0,3,3,200.0,9
3121.0,3,3,235.0,4
2330.0,2,3,128.0,2
2898.0,3,3,215.0,3
2328.0,3,3,235.0,6
2760.0,3,3,215.0,3
2325.0,3,3,190.0,6
2697.0,3,3,215.0,3
2762.0,3,3,220.0,3
3238.0,3,3,225.0,3
2065.0,3,3,225.0,3
3129.0,3,3,220.0,3
2313.0,3,3,235.0,6
3242.0,3,3,220.0,3
2444.0,3,3,220.0,3
2310.0,3,3,225.0,6
3244.0,3,3,210.0,3
2308.0,3,3,205.0,9
3250.0,3,3,225.0,3
2768.0,3,3,215.0,3
2315.0,3,3,210.0,3
2064.0,3,3,210.0,3
2373.0,3,3,200.0,9
2003.0,3,3,225.0,3
2617.0,3,3,220.0,3
3512.0,3,3,220.0,4
3494.0,3,3,225.0,3
2574.0,3,3,225.0,3
2582.0,3,3,220.0,3
2032.0,3,3,205.0,9
2613.0,3,3,215.0,3
2845.0,3,3,225.0,4
3029.0,3,3,225.0,6
2028.0,3,3,235.0,5
3009.0,3,3,225.0,3
2813.0,3,3,225.0,3
2818.0,3,3,225.0,3
3527.0,3,3,235.0,5
2814.0,3,3,215.0,3
1976.0,3,3,222.0,3
1995.0,3,3,220.0,5
3510.0,3,3,205.0,9
2007.0,3,3,225.0,3
2006.0,3,3,195.0,9
2008.0,3,3,215.0,3
3035.0,3,3,225.0,3
3024.0,3,3,205.0,7
2048.0,3,3,225.0,9
2033.0,3,3,220.0,5
2010.0,3,3,230.0,6
2577.0,3,3,220.0,3
3462.0,3,3,220.0,3
2565.0,3,3,224.0,3
2583.0,3,3,240.0,6
3495.0,3,3,225.0,3
1998.0,3,3,215.0,3
2559.0,2,3,130.0,4
2848.0,3,3,215.0,3
2553.0,3,3,210.0,4
3532.0,2,3,150.0,3
3445.0,3,3,220.0,3
2593.0,3,3,220.0,3
3446.0,3,3,225.0,4
3447.0,3,3,205.0,9
2017.0,3,3,215.0,3
3449.0,3,3,195.0,9
1963.0,2,3,150.0,3
3489.0,3,3,240.0,6
2629.0,3,3,225.0,3
2623.0,3,3,210.0,3
2060.0,3,3,225.0,4
2809.0,3,3,225.0,3
3491.0,3,3,225.0,3
2618.0,3,3,215.0,3
2022.0,3,3,215.0,5
3490.0,3,3,225.0,4
2603.0,3,3,240.0,6
1965.0,3,3,240.0,6
1874.0,4,4,300.0,4
1318.0,4,4,315.0,7
2269.0,4,4,240.0,5
1319.0,4,4,295.0,6
4343.0,2,4,145.0,2
991.0,4,4,295.0,4
299.0,4,4,305.0,6
989.0,4,4,290.0,4
2011.0,4,4,260.0,12
1862.0,4,4,285.0,4
1330.0,4,4,310.0,9
1887.0,4,4,305.0,6
4049.0,4,4,280.0,4
1332.0,4,4,290.0,4
2819.0,4,4,270.0,12
987.0,4,4,300.0,4
1408.0,4,4,285.0,4
2696.0,4,4,280.0,4
423.0,4,4,265.0,12
698.0,4,4,270.0,12
1001.0,4,4,295.0,4
3130.0,4,4,280.0,4
958.0,4,4,280.0,5
943.0,4,4,300.0,4
1299.0,4,4,280.0,4
41.0,4,4,300.0,4
3620.0,4,4,300.0,4
1302.0,4,4,285.0,6
1338.0,4,4,305.0,7
1005.0,4,4,300.0,4
1304.0,4,4,280.0,4
703.0,4,4,280.0,4
961.0,4,4,280.0,12
699.0,4,4,310.0,11
2289.0,4,4,290.0,4
418.0,4,4,300.0,4
3600.0,4,4,300.0,4
3112.0,4,4,295.0,4
1884.0,4,4,260.0,7
1426.0,4,4,295.0,5
2883.0,4,4,295.0,4
1364.0,4,4,305.0,8
3613.0,4,4,300.0,4
1367.0,4,4,310.0,7
2279.0,4,4,285.0,4
1296.0,4,4,265.0,12
2297.0,4,4,300.0,8
1875.0,4,4,280.0,4
967.0,4,4,295.0,5
971.0,4,4,300.0,4
1379.0,4,4,280.0,12
2769.0,3,4,240.0,6
2450.0,4,4,295.0,6
1382.0,4,4,270.0,12
4011.0,2,4,145.0,2
1383.0,4,4,300.0,5
2950.0,4,4,295.0,4
1378.0,2,4,155.0,4
280.0,4,4,290.0,4
1360.0,4,4,285.0,5
2891.0,4,4,285.0,4
3247.0,4,4,300.0,4
3606.0,4,4,305.0,5
964.0,4,4,285.0,4
240.0,4,4,315.0,6
1346.0,4,4,320.0,8
4037.0,4,4,310.0,7
1419.0,4,4,320.0,8
3621.0,4,4,300.0,5
2953.0,4,4,290.0,5
694.0,4,4,300.0,4
695.0,4,4,280.0,4
1871.0,4,4,295.0,4
2012.0,4,4,300.0,4
288.0,4,4,315.0,8
696.0,4,4,290.0,4
2684.0,4,4,295.0,4
953.0,4,4,295.0,4
3246.0,4,4,305.0,5
307.0,4,4,305.0,4
2543.0,4,4,295.0,4
2318.0,4,4,285.0,5
3190.0,4,4,285.0,4
2914.0,2,4,150.0,2
3191.0,4,4,280.0,4
1169.0,4,4,290.0,4
387.0,4,4,280.0,4
4174.0,4,4,290.0,6
1175.0,4,4,285.0,11
2827.0,4,4,305.0,7
2737.0,4,4,295.0,4
2741.0,4,4,295.0,4
2359.0,4,4,300.0,4
3523.0,4,4,300.0,8
3199.0,4,4,300.0,4
1071.0,4,4,295.0,4
343.0,3,4,220.0,4
1938.0,4,4,275.0,12
336.0,4,4,300.0,8
1066.0,4,4,275.0,8
335.0,4,4,305.0,6
1936.0,4,4,280.0,4
1062.0,4,4,295.0,6
678.0,4,4,275.0,12
1072.0,4,4,290.0,4
3572.0,4,4,295.0,4
3165.0,4,4,290.0,4
1156.0,4,4,300.0,4
2926.0,4,4,300.0,5
1121.0,4,4,280.0,5
3017.0,4,4,305.0,5
1130.0,3,4,225.0,6
3550.0,4,4,295.0,4
1949.0,4,4,300.0,6
3554.0,4,4,300.0,4
4213.0,4,4,300.0,4
377.0,4,4,280.0,8
2929.0,4,4,300.0,4
1093.0,4,4,295.0,4
3556.0,4,4,290.0,4
1104.0,4,4,270.0,12
1964.0,4,4,270.0,12
1146.0,4,4,295.0,7
1103.0,4,4,260.0,12
1098.0,4,4,170.0,7
1150.0,4,4,310.0,8
2920.0,4,4,298.0,4
1967.0,4,4,275.0,5
673.0,4,4,295.0,4
1094.0,4,4,300.0,8
1948.0,4,4,280.0,4
2764.0,3,4,210.0,4
2826.0,4,4,300.0,4
3203.0,4,4,300.0,4
3506.0,4,4,285.0,4
1255.0,4,4,305.0,7
412.0,4,4,280.0,8
4889.0,2,4,140.0,4
4106.0,4,4,292.0,4
1021.0,4,4,305.0,4
1261.0,4,4,290.0,5
2585.0,4,4,300.0,4
1264.0,4,4,295.0,13
3224.0,4,4,310.0,7
2751.0,4,4,290.0,4
2699.0,3,4,225.0,3
2753.0,4,4,295.0,4
1271.0,4,4,305.0,7
2002.0,4,4,300.0,4
2004.0,4,4,285.0,4
311.0,4,4,310.0,7
3230.0,4,4,300.0,4
1018.0,4,4,270.0,12
1013.0,4,4,285.0,4
1011.0,4,4,300.0,6
1009.0,4,4,295.0,4
2331.0,4,4,300.0,4
2748.0,3,4,210.0,3
1250.0,4,4,300.0,4
2820.0,4,4,300.0,4
1215.0,4,4,305.0,5
3145.0,4,4,300.0,4
3204.0,4,4,290.0,4
1218.0,4,4,295.0,4
3022.0,4,4,300.0,4
1984.0,4,4,320.0,8
1220.0,4,4,290.0,4
683.0,4,4,265.0,12
1926.0,4,4,300.0,6
1227.0,4,4,295.0,4
2338.0,4,4,320.0,8
1991.0,4,4,300.0,4
3211.0,4,4,295.0,4
1042.0,4,4,300.0,6
3213.0,4,4,295.0,4
1036.0,4,4,290.0,6
2341.0,4,4,285.0,4
2340.0,3,4,225.0,5
408.0,4,4,295.0,4
2703.0,4,4,260.0,12
1996.0,4,4,300.0,4
3587.0,4,4,300.0,5
1993.0,4,4,310.0,7
1857.0,4,4,270.0,14
1286.0,4,4,270.0,12
2601.0,4,4,285.0,4
1601.0,4,4,295.0,5
1602.0,4,4,300.0,4
1604.0,4,4,280.0,4
1608.0,4,4,295.0,4
134.0,4,4,270.0,12
1614.0,4,4,290.0,4
132.0,4,4,290.0,4
2612.0,4,4,295.0,4
3683.0,4,4,290.0,4
3378.0,4,4,295.0,4
1796.0,4,4,300.0,4
829.0,4,4,295.0,4
1791.0,4,4,320.0,8
3809.0,4,4,300.0,4
3040.0,4,4,260.0,12
1787.0,4,4,270.0,12
2137.0,4,4,305.0,5
1638.0,4,4,275.0,10
2860.0,4,4,320.0,8
3041.0,4,4,300.0,4
2802.0,4,4,285.0,5
537.0,4,4,300.0,5
618.0,4,4,295.0,4
2647.0,4,4,300.0,4
3356.0,4,4,300.0,5
1565.0,4,4,265.0,12
2046.0,4,4,290.0,8
523.0,4,4,305.0,4
3864.0,4,4,280.0,4
2172.0,4,4,305.0,5
526.0,4,4,315.0,7
2165.0,4,4,300.0,4
3859.0,4,4,315.0,8
2164.0,4,4,300.0,4
1814.0,4,4,315.0,8
1578.0,4,4,290.0,4
854.0,4,4,293.0,6
1812.0,4,4,280.0,4
1581.0,4,4,300.0,4
144.0,4,4,270.0,12
2558.0,4,4,280.0,4
1586.0,4,4,295.0,4
59.0,4,4,270.0,10
2982.0,4,4,295.0,8
1593.0,4,4,295.0,6
1644.0,4,4,300.0,8
863.0,4,4,270.0,8
2556.0,4,4,305.0,5
2131.0,4,4,305.0,7
3418.0,4,4,305.0,5
1694.0,4,4,300.0,4
2103.0,4,4,300.0,5
3422.0,4,4,270.0,12
3423.0,4,4,305.0,6
1703.0,4,4,300.0,4
3426.0,4,4,300.0,4
2094.0,4,4,270.0,12
1710.0,4,4,310.0,7
2106.0,4,4,300.0,6
1711.0,4,4,265.0,12
769.0,4,4,260.0,12
2540.0,4,4,290.0,7
3053.0,4,4,305.0,8
3438.0,4,4,295.0,6
1723.0,4,4,270.0,12
1747.0,4,4,280.0,4
1734.0,4,4,290.0,4
1735.0,4,4,295.0,4
587.0,4,4,305.0,4
2081.0,4,4,275.0,4
2108.0,4,4,280.0,12
78.0,4,4,300.0,4
1685.0,4,4,310.0,6
755.0,4,4,265.0,10
3796.0,4,4,300.0,7
552.0,4,4,300.0,4
1659.0,4,4,290.0,4
600.0,4,4,300.0,4
3787.0,4,4,300.0,4
811.0,4,4,310.0,4
3785.0,4,4,290.0,4
3784.0,4,4,300.0,4
555.0,4,4,285.0,6
2127.0,4,4,290.0,10
807.0,4,4,300.0,4
1774.0,4,4,285.0,4
3701.0,4,4,305.0,5
2118.0,4,4,300.0,4
1764.0,4,4,290.0,4
803.0,4,4,265.0,12
3706.0,4,4,300.0,4
1763.0,4,4,270.0,10
2112.0,4,4,300.0,5
2529.0,4,4,280.0,4
2133.0,4,4,300.0,8
1815.0,4,4,295.0,5
1592.0,4,4,300.0,4
2177.0,4,4,265.0,10
931.0,4,4,290.0,4
2024.0,4,4,320.0,7
1512.0,4,4,265.0,12
911.0,4,4,260.0,12
3305.0,4,4,305.0,6
909.0,4,4,300.0,4
3304.0,4,4,300.0,4
1519.0,4,4,310.0,6
2205.0,4,4,295.0,4
195.0,4,4,300.0,4
1523.0,4,4,300.0,6
2682.0,4,4,290.0,6
935.0,4,4,295.0,4
1458.0,4,4,260.0,12
627.0,4,4,300.0,4
916.0,4,4,285.0,4
4428.0,4,4,305.0,6
3916.0,4,4,300.0,4
2873.0,4,4,275.0,10
709.0,4,4,290.0,7
3936.0,4,4,295.0,4
1483.0,4,4,270.0,12
3313.0,4,4,310.0,7
2816.0,4,4,290.0,4
1493.0,4,4,290.0,4
215.0,4,4,285.0,4
2029.0,4,4,290.0,4
635.0,4,4,305.0,4
3311.0,4,4,298.0,4
1472.0,4,4,299.0,4
3478.0,4,4,275.0,12
221.0,4,4,305.0,5
2219.0,4,4,280.0,4
1502.0,3,4,225.0,5
2031.0,4,4,265.0,12
1851.0,4,4,295.0,5
2781.0,3,4,212.5,3
1823.0,4,4,265.0,12
878.0,4,4,285.0,4
1453.0,4,4,290.0,4
510.0,4,4,320.0,8
902.0,4,4,320.0,8
2661.0,4,4,270.0,12
165.0,4,4,305.0,8
2043.0,4,4,295.0,4
502.0,4,4,260.0,12
177.0,4,4,265.0,12
1454.0,4,4,260.0,12
2496.0,4,4,295.0,4
2494.0,4,4,310.0,8
501.0,4,4,300.0,6
1852.0,4,4,300.0,5
1552.0,3,4,224.0,4
2042.0,4,4,290.0,8
1826.0,4,4,300.0,6
2490.0,4,4,300.0,4
623.0,4,4,285.0,4
2489.0,4,4,260.0,6
2255.0,4,4,290.0,10
2257.0,4,4,280.0,4
2247.0,4,4,280.0,4
1455.0,4,4,285.0,4
2476.0,4,4,300.0,5
57.0,4,4,305.0,6
458.0,5,5,370.0,5
563.0,4,5,260.0,4
940.0,5,5,335.0,15
1075.0,5,5,375.0,5
771.0,5,5,390.0,6
2600.0,5,5,350.0,9
1077.0,5,5,350.0,5
804.0,5,5,375.0,5
3113.0,5,5,380.0,5
802.0,5,5,395.0,10
800.0,5,5,305.0,5
1105.0,5,5,365.0,5
582.0,5,5,330.0,15
3162.0,5,5,550.0,10
780.0,5,5,355.0,6
1112.0,5,5,380.0,8
576.0,5,5,335.0,15
936.0,5,5,370.0,7
2631.0,5,5,370.0,5
2384.0,5,5,390.0,8
949.0,5,5,370.0,5
2635.0,5,5,355.0,5
593.0,5,5,330.0,15
2458.0,5,5,375.0,5
4375.0,4,5,295.0,4
1091.0,5,5,375.0,10
373.0,5,5,345.0,14
3164.0,5,5,365.0,5
947.0,5,5,365.0,5
2718.0,5,5,380.0,8
3173.0,5,5,390.0,10
3019.0,5,5,380.0,6
934.0,5,5,400.0,10
549.0,5,5,330.0,15
599.0,5,5,375.0,5
2507.0,5,5,365.0,7
3038.0,4,5,294.0,4
840.0,5,5,375.0,7
539.0,5,5,380.0,6
742.0,5,5,350.0,5
538.0,5,5,335.0,15
3122.0,5,5,380.0,7
986.0,5,5,345.0,13
1024.0,4,5,320.0,8
736.0,5,5,355.0,6
2461.0,5,5,360.0,5
906.0,5,5,325.0,5
2944.0,5,5,350.0,5
620.0,5,5,355.0,5
990.0,5,5,395.0,10
873.0,5,5,280.0,9
872.0,5,5,400.0,10
525.0,5,5,380.0,5
2441.0,5,5,375.0,5
3544.0,5,5,350.0,5
520.0,5,5,375.0,5
1000.0,5,5,380.0,6
862.0,5,5,350.0,5
2562.0,5,5,385.0,8
690.0,5,5,410.0,11
762.0,5,5,370.0,5
2645.0,5,5,370.0,5
830.0,5,5,340.0,15
463.0,5,5,330.0,15
1070.0,5,5,360.0,8
2397.0,5,5,370.0,5
923.0,4,5,285.0,4
648.0,5,5,335.0,15
714.0,5,5,335.0,15
390.0,5,5,360.0,6
1063.0,5,5,340.0,6
480.0,5,5,375.0,10
2710.0,5,5,375.0,5
2554.0,4,5,290.0,4
542.0,5,5,370.0,5
2503.0,5,5,385.0,7
483.0,5,5,355.0,7
612.0,5,5,375.0,5
429.0,5,5,370.0,5
685.0,5,5,335.0,15
1043.0,5,5,395.0,8
976.0,5,5,335.0,15
644.0,5,5,360.0,5
915.0,5,5,375.0,5
2486.0,5,5,365.0,5
978.0,5,5,395.0,10
2939.0,4,5,300.0,4
3147.0,5,5,390.0,8
642.0,5,5,0.0,5
1007.0,5,5,375.0,8
1127.0,5,5,365.0,5
2223.0,5,5,375.0,8
1499.0,5,5,335.0,15
2209.0,5,5,370.0,5
1511.0,5,5,330.0,15
3331.0,5,5,375.0,5
3333.0,5,5,385.0,7
2206.0,5,5,350.0,5
3337.0,5,5,380.0,6
2719.0,3,5,230.0,6
186.0,5,5,380.0,5
1533.0,5,5,375.0,5
2788.0,5,5,370.0,5
2190.0,5,5,370.0,6
1549.0,5,5,380.0,7
2793.0,5,5,370.0,5
1555.0,5,5,335.0,15
2866.0,3,5,225.0,5
2168.0,5,5,365.0,6
1585.0,5,5,335.0,15
1594.0,5,5,370.0,5
1599.0,5,5,365.0,5
135.0,5,5,375.0,18
2149.0,5,5,335.0,15
203.0,5,5,400.0,10
1611.0,5,5,370.0,6
204.0,5,5,355.0,5
1475.0,5,5,330.0,15
2307.0,5,5,380.0,9
290.0,5,5,340.0,14
2304.0,5,5,370.0,5
2303.0,5,5,375.0,5
285.0,5,5,370.0,9
2296.0,5,5,390.0,8
1374.0,5,5,335.0,15
278.0,5,5,330.0,15
1381.0,5,5,375.0,5
3261.0,5,5,360.0,15
2290.0,5,5,365.0,7
271.0,5,5,335.0,15
1398.0,5,5,335.0,15
2285.0,5,5,369.0,5
1406.0,5,5,330.0,15
1407.0,5,5,370.0,5
2882.0,5,5,350.0,13
239.0,5,5,335.0,11
1433.0,5,5,365.0,5
2836.0,5,5,370.0,5
2780.0,5,5,380.0,6
3300.0,5,5,365.0,5
2238.0,5,5,350.0,5
2876.0,5,5,375.0,5
1327.0,5,5,335.0,15
1613.0,5,5,375.0,8
1627.0,5,5,370.0,5
2050.0,5,5,365.0,5
1803.0,5,5,355.0,6
1809.0,5,5,370.0,9
58.0,5,5,0.0,5
1816.0,5,5,380.0,6
1829.0,5,5,335.0,15
1830.0,5,5,335.0,15
1845.0,5,5,360.0,5
2021.0,5,5,375.0,10
1855.0,5,5,335.0,15
3629.0,5,5,370.0,6
1872.0,5,5,355.0,5
1873.0,4,5,300.0,6
3608.0,3,5,225.0,3
1883.0,5,5,375.0,7
1896.0,5,5,365.0,7
1898.0,5,5,365.0,5
31.0,5,5,370.0,5
1930.0,5,5,380.0,6
1937.0,3,5,164.0,5
3528.0,5,5,375.0,5
1950.0,5,5,375.0,5
1956.0,5,5,400.0,10
60.0,5,5,375.0,5
2145.0,5,5,375.0,8
1795.0,5,5,395.0,9
2052.0,5,5,375.0,6
2140.0,5,5,360.0,5
1633.0,5,5,379.0,6
3401.0,5,5,390.0,8
3403.0,5,5,395.0,9
3789.0,5,5,380.0,10
1663.0,5,5,375.0,6
1674.0,5,5,390.0,9
1675.0,5,5,335.0,15
2109.0,5,5,370.0,5
2807.0,5,5,385.0,7
2104.0,5,5,350.0,5
1699.0,5,5,335.0,9
1718.0,5,5,370.0,5
1719.0,5,5,360.0,5
2068.0,5,5,370.0,8
86.0,5,5,365.0,7
3720.0,5,5,375.0,5
84.0,5,5,335.0,15
81.0,5,5,365.0,5
2055.0,5,5,385.0,7
2053.0,5,5,400.0,10
62.0,5,5,340.0,11
1780.0,5,5,375.0,5
2051.0,5,5,365.0,6
1321.0,5,5,355.0,7
658.0,5,5,375.0,5
1200.0,5,5,365.0,9
360.0,4,5,265.0,4
3233.0,5,5,370.0,5
1219.0,5,5,375.0,5
1281.0,5,5,400.0,10
1243.0,5,5,390.0,9
1244.0,5,5,360.0,5
1245.0,5,5,355.0,7
1171.0,5,5,335.0,5
1288.0,5,5,355.0,5
1142.0,5,5,400.0,10
3227.0,1,5,65.0,1
1182.0,5,5,335.0,15
2350.0,5,5,375.0,5
1157.0,5,5,400.0,10
317.0,5,5,335.0,14
2355.0,5,5,400.0,10
1154.0,5,5,360.0,10
352.0,5,5,350.0,8
3181.0,5,5,370.0,5
1208.0,4,5,285.0,4
323.0,5,5,370.0,6
1160.0,5,5,380.0,8
1128.0,5,5,365.0,5
1224.0,4,5,260.0,4
2765.0,5,5,370.0,5
2903.0,5,5,365.0,5
1132.0,5,5,400.0,10
1234.0,5,5,375.0,5
1295.0,5,5,335.0,15
1207.0,5,5,365.0,5
1311.0,5,5,365.0,6
2365.0,5,5,350.0,5
1164.0,5,5,360.0,5
1308.0,5,5,390.0,10
1191.0,5,5,335.0,15
1222.0,5,5,385.0,9
1303.0,5,5,325.0,5
1305.0,5,5,360.0,5
1239.0,5,5,375.0,5
2354.0,6,6,435.0,7
788.0,6,6,435.0,6
1081.0,6,6,445.0,6
791.0,6,6,455.0,6
97.0,6,6,475.0,11
2095.0,2,6,130.0,2
1751.0,6,6,435.0,6
2715.0,3,6,215.0,3
3161.0,6,6,445.0,6
1750.0,6,6,400.0,18
2855.0,6,6,455.0,7
577.0,6,6,405.0,16
1080.0,6,6,430.0,6
1676.0,6,6,407.0,6
2913.0,6,6,455.0,12
1631.0,6,6,425.0,6
1199.0,6,6,420.0,6
1194.0,6,6,405.0,18
1645.0,6,6,455.0,6
1652.0,6,6,445.0,7
822.0,6,6,455.0,7
389.0,6,6,420.0,6
2128.0,6,6,480.0,12
1658.0,6,6,450.0,6
816.0,6,6,420.0,6
1190.0,6,6,405.0,16
1661.0,6,6,405.0,16
344.0,6,6,410.0,12
1665.0,6,6,435.0,6
2124.0,6,6,430.0,8
2123.0,6,6,440.0,6
805.0,6,6,400.0,18
109.0,3,6,195.0,3
1183.0,6,6,400.0,18
1082.0,6,6,450.0,6
108.0,6,6,430.0,14
2525.0,6,6,440.0,6
1679.0,6,6,425.0,6
103.0,6,6,400.0,18
796.0,6,6,445.0,11
2353.0,6,6,445.0,7
794.0,6,6,430.0,8
564.0,6,6,450.0,12
2058.0,6,6,435.0,8
1320.0,6,6,405.0,18
2357.0,6,6,430.0,6
3640.0,4,6,300.0,4
1148.0,6,6,450.0,6
2578.0,6,6,475.0,12
1106.0,6,6,445.0,7
643.0,6,6,400.0,18
35.0,6,6,430.0,6
1107.0,6,6,410.0,13
2015.0,6,6,480.0,12
1879.0,6,6,420.0,6
32.0,6,6,425.0,10
1139.0,6,6,465.0,11
2731.0,6,6,450.0,7
1137.0,6,6,400.0,18
1990.0,6,6,405.0,18
20.0,6,6,395.0,18
645.0,6,6,460.0,11
1932.0,6,6,425.0,6
1935.0,6,6,430.0,6
1134.0,6,6,455.0,10
649.0,6,6,445.0,6
2829.0,6,6,445.0,6
653.0,6,6,455.0,11
1961.0,6,6,435.0,6
43.0,6,6,470.0,12
1101.0,6,6,420.0,6
1842.0,6,6,450.0,6
715.0,6,6,455.0,6
3047.0,6,6,470.0,12
1778.0,6,6,480.0,12
2358.0,6,6,450.0,7
3163.0,6,6,450.0,7
3690.0,3,6,220.0,3
1790.0,5,6,325.0,5
1630.0,6,6,449.0,6
3039.0,3,6,210.0,3
1159.0,6,6,450.0,6
746.0,6,6,470.0,9
1797.0,6,6,435.0,6
2544.0,6,6,435.0,6
3186.0,6,6,445.0,6
619.0,6,6,445.0,6
1810.0,6,6,435.0,6
732.0,6,6,405.0,18
1096.0,6,6,445.0,6
2385.0,6,6,440.0,6
2609.0,6,6,445.0,8
4201.0,3,6,195.0,3
3006.0,6,6,425.0,7
719.0,6,6,455.0,10
1149.0,6,6,400.0,18
1835.0,6,6,405.0,18
3460.0,6,6,430.0,6
1090.0,6,6,440.0,9
3388.0,6,6,465.0,9
2221.0,6,6,580.0,10
926.0,6,6,395.0,18
2230.0,5,6,375.0,6
1490.0,6,6,430.0,6
1242.0,6,6,440.0,6
918.0,6,6,395.0,18
2211.0,6,6,415.0,6
273.0,6,6,450.0,6
2342.0,6,6,465.0,9
1384.0,3,6,210.0,3
206.0,6,6,445.0,6
399.0,6,6,360.0,9
304.0,6,6,385.0,10
436.0,6,6,445.0,7
1365.0,6,6,470.0,10
2447.0,6,6,460.0,11
191.0,6,6,430.0,10
1528.0,6,6,480.0,12
1223.0,6,6,460.0,6
1530.0,6,6,450.0,7
500.0,6,6,400.0,18
489.0,6,6,395.0,18
1481.0,6,6,440.0,9
1031.0,6,6,465.0,10
2595.0,6,6,435.0,6
451.0,6,6,425.0,6
1266.0,6,6,440.0,6
948.0,6,6,420.0,6
238.0,6,6,390.0,7
2321.0,6,6,440.0,10
1260.0,6,6,420.0,6
3134.0,6,6,455.0,6
445.0,6,6,440.0,7
1441.0,6,6,445.0,6
1014.0,6,6,460.0,8
225.0,6,6,475.0,11
2248.0,5,6,370.0,5
1457.0,6,6,449.0,9
2284.0,6,6,460.0,8
1012.0,6,6,457.0,12
963.0,6,6,445.0,7
222.0,6,6,420.0,6
1464.0,6,6,445.0,6
2482.0,6,6,460.0,9
932.0,6,6,445.0,6
2233.0,6,6,460.0,10
3277.0,6,6,440.0,6
1537.0,6,6,440.0,6
1531.0,6,6,410.0,18
2495.0,6,6,455.0,8
155.0,6,6,450.0,6
1055.0,6,6,425.0,6
859.0,6,6,465.0,10
1571.0,6,6,450.0,8
1574.0,5,6,375.0,9
3368.0,6,6,420.0,6
852.0,6,6,445.0,6
2649.0,6,6,465.0,10
1589.0,6,6,439.0,6
286.0,6,6,455.0,11
534.0,6,6,400.0,8
1313.0,6,6,420.0,6
2404.0,5,6,350.0,5
137.0,6,6,390.0,18
1205.0,6,6,435.0,9
1201.0,6,6,425.0,15
992.0,6,6,470.0,11
2402.0,6,6,445.0,7
1315.0,6,6,480.0,12
835.0,6,6,447.0,10
846.0,6,6,445.0,7
1559.0,6,6,455.0,9
158.0,6,6,450.0,6
393.0,6,6,405.0,16
3240.0,6,6,450.0,6
983.0,6,6,470.0,11
420.0,6,6,460.0,11
169.0,6,6,395.0,18
422.0,6,6,435.0,6
1216.0,6,6,445.0,6
1345.0,6,6,448.5,6
1546.0,6,6,455.0,8
2501.0,6,6,425.0,6
1547.0,6,6,440.0,6
875.0,6,6,390.0,18
395.0,6,6,480.0,12
1331.0,6,6,460.0,9
2184.0,6,6,435.0,7
1328.0,6,6,420.0,6
869.0,6,6,400.0,18
3087.0,5,6,390.0,9
513.0,6,6,420.0,6
2685.0,6,6,445.0,6
268.0,7,7,515.0,7
654.0,7,7,510.0,11
294.0,7,7,515.0,8
372.0,7,7,465.0,21
655.0,7,7,465.0,21
379.0,7,7,515.0,8
118.0,7,7,525.0,7
49.0,7,7,500.0,8
540.0,7,7,465.0,21
2708.0,7,7,525.0,7
140.0,7,7,530.0,7
333.0,7,7,510.0,7
515.0,7,7,470.0,21
2707.0,6,7,425.0,10
92.0,7,7,515.0,7
507.0,7,7,470.0,21
578.0,7,7,470.0,21
579.0,7,7,490.0,7
172.0,7,7,530.0,7
91.0,7,7,523.0,7
385.0,7,7,490.0,7
247.0,7,7,500.0,15
183.0,7,7,520.0,7
66.0,7,7,535.0,13
496.0,7,7,465.0,21
200.0,7,7,520.0,7
488.0,6,7,400.0,16
329.0,4,7,265.0,4
546.0,7,7,505.0,10
328.0,7,7,525.0,7
55.0,7,7,525.0,7
413.0,7,7,490.0,7
54.0,7,7,510.0,7
50.0,7,7,470.0,21
3007.0,7,7,480.0,21
228.0,7,7,470.0,17
67.0,7,7,515.0,7
494.0,7,7,560.0,16
2.0,7,7,490.0,7
785.0,7,7,520.0,7
792.0,7,7,470.0,21
1324.0,7,7,475.0,21
1061.0,7,7,540.0,12
1461.0,5,7,375.0,6
1554.0,7,7,475.0,21
1387.0,7,7,515.0,11
1067.0,7,7,470.0,21
1395.0,7,7,495.0,7
2391.0,7,7,560.0,14
1772.0,7,7,550.0,14
3055.0,6,7,445.0,6
969.0,7,7,515.0,7
1402.0,7,7,525.0,7
1672.0,7,7,495.0,7
1403.0,7,7,520.0,7
1312.0,7,7,520.0,9
1113.0,7,7,520.0,7
1118.0,7,7,525.0,7
1807.0,7,7,555.0,14
1058.0,7,7,520.0,8
2449.0,7,7,495.0,12
2179.0,7,7,495.0,8
1622.0,7,7,520.0,8
848.0,7,7,475.0,19
1010.0,7,7,505.0,7
2302.0,7,7,530.0,9
842.0,7,7,535.0,7
2430.0,7,7,465.0,12
838.0,7,7,465.0,17
1609.0,7,7,519.0,10
1026.0,7,7,510.0,7
1584.0,7,7,525.0,7
876.0,7,7,495.0,21
1720.0,7,7,525.0,7
1738.0,7,7,470.0,21
1030.0,7,7,460.0,21
1476.0,6,7,450.0,6
821.0,7,7,455.0,21
2295.0,7,7,520.0,7
819.0,7,7,525.0,7
1357.0,7,7,495.0,7
1041.0,7,7,520.0,7
1385.0,7,7,535.0,10
1362.0,7,7,465.0,21
765.0,7,7,540.0,12
770.0,7,7,515.0,7
2034.0,7,7,522.0,7
659.0,7,7,465.0,21
721.0,7,7,475.0,21
1196.0,7,7,529.0,10
1626.0,7,7,525.0,7
910.0,7,7,465.0,21
2348.0,7,7,510.0,7
1539.0,6,7,465.0,12
1240.0,7,7,515.0,7
912.0,7,7,470.0,21
764.0,7,7,510.0,9
706.0,7,7,470.0,21
2337.0,7,7,495.0,7
3318.0,7,7,515.0,7
1287.0,7,7,520.0,7
1256.0,7,7,470.0,17
1471.0,7,7,455.0,7
677.0,7,7,520.0,8
1971.0,7,7,545.0,13
2589.0,7,7,470.0,21
919.0,7,7,470.0,21
1247.0,7,7,465.0,21
1293.0,7,7,507.0,7
723.0,7,7,505.0,7
903.0,7,7,465.0,21
879.0,7,7,535.0,8
1126.0,7,7,520.0,7
1848.0,6,7,465.0,9
956.0,6,7,425.0,7
1863.0,7,7,540.0,12
950.0,7,7,535.0,7
1439.0,7,7,470.0,19
942.0,7,7,530.0,7
1670.0,7,7,510.0,8
851.0,7,7,515.0,8
1176.0,7,7,465.0,21
929.0,7,7,500.0,7
933.0,7,7,540.0,14
2483.0,7,7,525.0,10
3888.0,4,7,310.0,7
1153.0,7,7,475.0,21
924.0,8,8,630.0,16
1605.0,8,8,595.0,8
124.0,8,8,580.0,8
130.0,8,8,595.0,11
4914.0,4,8,260.0,4
939.0,8,8,575.0,10
465.0,8,8,535.0,15
973.0,8,8,635.0,16
439.0,8,8,585.0,9
1350.0,8,8,530.0,26
127.0,8,8,635.0,15
1432.0,8,8,600.0,9
997.0,8,8,590.0,8
2362.0,8,8,590.0,8
2733.0,6,8,420.0,6
1152.0,7,8,515.0,7
1167.0,8,8,530.0,24
1180.0,6,8,410.0,14
1186.0,8,8,630.0,15
1193.0,8,8,575.0,8
1541.0,8,8,600.0,8
179.0,8,8,640.0,16
1246.0,8,8,590.0,8
1538.0,8,8,640.0,16
1257.0,8,8,615.0,14
184.0,8,8,630.0,14
1276.0,8,8,535.0,24
1258.0,8,8,595.0,9
1543.0,8,8,570.0,8
980.0,8,8,545.0,24
1294.0,8,8,540.0,24
1133.0,8,8,640.0,16
998.0,8,8,545.0,22
1020.0,8,8,530.0,24
1569.0,8,8,525.0,8
153.0,8,8,560.0,8
1044.0,8,8,625.0,14
1052.0,8,8,575.0,20
1078.0,4,8,280.0,4
384.0,8,8,535.0,24
383.0,8,8,565.0,8
1087.0,8,8,600.0,10
4236.0,1,8,65.0,1
2231.0,8,8,605.0,14
306.0,8,8,535.0,9
367.0,8,8,580.0,11
1129.0,8,8,585.0,8
1138.0,8,8,595.0,8
476.0,7,8,465.0,7
119.0,8,8,540.0,24
2992.0,7,8,520.0,7
766.0,8,8,570.0,8
585.0,6,8,455.0,8
1776.0,8,8,595.0,8
581.0,8,8,495.0,27
575.0,8,8,535.0,24
1770.0,8,8,535.0,20
1838.0,8,8,615.0,11
922.0,8,8,530.0,8
562.0,8,8,615.0,13
80.0,7,8,530.0,8
554.0,8,8,640.0,16
823.0,8,8,600.0,8
1755.0,8,8,540.0,22
2097.0,8,8,555.0,18
1768.0,8,8,590.0,8
761.0,8,8,540.0,24
3619.0,8,8,600.0,8
611.0,8,8,580.0,10
1415.0,8,8,535.0,24
9.0,8,8,170.0,16
1412.0,8,8,640.0,16
2885.0,7,8,515.0,7
233.0,8,8,590.0,8
708.0,8,8,610.0,11
710.0,8,8,605.0,10
2576.0,8,8,605.0,8
27.0,8,8,620.0,12
724.0,8,8,585.0,8
1913.0,8,8,570.0,10
738.0,8,8,580.0,8
1888.0,8,8,615.0,12
1876.0,8,8,615.0,15
754.0,8,8,530.0,24
841.0,8,8,560.0,8
845.0,8,8,565.0,8
2218.0,6,8,430.0,6
533.0,8,8,540.0,24
870.0,8,8,595.0,14
517.0,8,8,594.0,9
106.0,8,8,570.0,8
881.0,8,8,545.0,19
860.0,8,8,600.0,8
850.0,8,8,600.0,8
1639.0,4,8,280.0,4
905.0,8,8,535.0,24
224.0,8,8,590.0,8
914.0,8,8,610.0,16
1980.0,9,9,665.0,9
647.0,9,9,605.0,9
616.0,9,9,629.0,21
744.0,9,9,665.0,9
471.0,9,9,685.0,12
748.0,9,9,705.0,16
951.0,9,9,660.0,9
955.0,9,9,680.0,9
508.0,9,9,670.0,9
610.0,9,9,640.0,15
1141.0,9,9,675.0,11
1487.0,9,9,695.0,15
670.0,9,9,610.0,12
606.0,9,9,655.0,12
2001.0,9,9,680.0,10
2351.0,9,9,715.0,18
917.0,9,9,680.0,14
944.0,9,9,605.0,27
886.0,9,9,595.0,27
1187.0,9,9,650.0,12
894.0,9,9,595.0,25
111.0,9,9,685.0,11
338.0,8,9,595.0,8
722.0,9,9,665.0,9
258.0,9,9,680.0,10
15.0,9,9,645.0,9
207.0,9,9,645.0,9
178.0,9,9,620.0,27
1405.0,9,9,610.0,29
498.0,9,9,675.0,16
1625.0,9,9,615.0,26
1628.0,9,9,675.0,9
264.0,9,9,660.0,9
368.0,9,9,655.0,9
1002.0,8,9,600.0,10
808.0,9,9,595.0,27
400.0,8,9,575.0,8
1334.0,8,9,595.0,8
1040.0,8,9,540.0,24
1595.0,9,9,670.0,9
1375.0,7,9,505.0,7
1035.0,9,9,655.0,9
146.0,9,9,665.0,9
1034.0,9,9,685.0,14
1575.0,9,9,675.0,10
141.0,7,9,525.0,7
143.0,9,9,605.0,27
836.0,9,9,625.0,15
281.0,9,9,630.0,15
96.0,9,9,655.0,11
154.0,9,9,595.0,27
79.0,9,9,645.0,15
1564.0,9,9,585.0,9
77.0,9,9,669.0,9
966.0,9,9,600.0,27
1800.0,9,9,605.0,27
2316.0,9,9,720.0,17
374.0,9,9,660.0,13
2115.0,9,9,605.0,27
521.0,9,9,600.0,27
583.0,9,9,670.0,9
1084.0,9,9,715.0,17
1704.0,9,9,705.0,17
65.0,9,9,665.0,9
1079.0,9,9,655.0,9
1686.0,9,9,640.0,9
975.0,9,9,635.0,9
75.0,9,9,695.0,15
782.0,9,9,625.0,19
921.0,9,9,605.0,27
2278.0,5,10,337.0,5
272.0,10,10,700.0,10
1358.0,8,10,560.0,8
257.0,10,10,755.0,10
266.0,10,10,745.0,10
1957.0,9,10,655.0,9
1269.0,10,10,755.0,11
202.0,10,10,750.0,11
843.0,10,10,735.0,10
837.0,10,10,730.0,10
1757.0,10,10,670.0,30
551.0,10,10,800.0,20
557.0,10,10,700.0,10
571.0,10,10,745.0,10
883.0,10,10,730.0,10
580.0,10,10,725.0,10
39.0,10,10,755.0,20
633.0,9,10,595.0,10
634.0,4,10,260.0,4
641.0,10,10,835.0,10
705.0,10,10,695.0,10
700.0,10,10,740.0,10
7.0,10,10,610.0,10
601.0,10,10,760.0,11
113.0,10,10,755.0,14
857.0,10,10,685.0,26
1115.0,10,10,790.0,19
1522.0,10,10,725.0,10
1527.0,10,10,735.0,10
322.0,10,10,675.0,30
324.0,10,10,785.0,19
1145.0,10,10,650.0,14
1125.0,10,10,670.0,30
1122.0,10,10,715.0,12
478.0,10,10,670.0,30
446.0,10,10,720.0,10
468.0,10,10,735.0,21
403.0,9,10,665.0,9
1436.0,10,10,650.0,10
2154.0,10,10,755.0,12
392.0,10,10,712.0,10
2189.0,9,11,600.0,23
2265.0,11,11,740.0,33
10.0,11,11,820.0,14
100.0,11,11,750.0,33
220.0,10,11,690.0,22
1983.0,11,11,870.0,21
89.0,11,11,745.0,30
217.0,11,11,750.0,33
64.0,11,11,785.0,11
69.0,11,11,730.0,33
71.0,11,11,749.0,11
176.0,11,11,755.0,13
123.0,11,11,810.0,11
340.0,11,11,875.0,21
313.0,11,11,810.0,15
438.0,11,11,730.0,33
907.0,11,11,825.0,11
314.0,11,11,875.0,22
866.0,11,11,730.0,33
1049.0,11,11,865.0,22
321.0,11,11,790.0,11
855.0,11,11,880.0,22
977.0,11,11,740.0,33
573.0,11,11,825.0,11
784.0,11,11,820.0,11
487.0,11,11,825.0,11
425.0,11,11,825.0,16
296.0,11,11,815.0,11
2439.0,7,11,560.0,14
588.0,11,11,755.0,27
293.0,11,11,835.0,13
1211.0,11,11,825.0,11
1210.0,11,11,840.0,17
1028.0,9,11,660.0,17
617.0,11,11,745.0,32
342.0,6,11,390.0,6
3139.0,11,11,690.0,12
401.0,11,11,730.0,33
584.0,11,11,785.0,11
4403.0,8,11,560.0,8
431.0,12,12,850.0,12
2270.0,6,12,395.0,6
522.0,12,12,1040.0,22
832.0,12,12,890.0,12
70.0,9,12,630.0,9
778.0,12,12,855.0,12
1779.0,12,12,860.0,20
2047.0,11,12,810.0,11
2044.0,12,12,875.0,12
750.0,12,12,840.0,24
741.0,12,12,805.0,36
639.0,12,12,800.0,36
671.0,12,12,800.0,36
490.0,12,12,805.0,36
1064.0,11,12,770.0,12
668.0,12,12,865.0,12
1351.0,12,12,750.0,32
1274.0,12,12,800.0,36
180.0,12,12,895.0,13
128.0,13,13,880.0,37
524.0,13,13,910.0,13
1197.0,11,13,770.0,14
925.0,12,13,870.0,12
1444.0,13,13,915.0,13
626.0,13,13,970.0,14
2025.0,13,13,1030.0,25
760.0,13,13,955.0,13
631.0,11,13,830.0,11
305.0,13,13,870.0,39
1762.0,13,13,960.0,13
1050.0,13,13,885.0,38
46.0,13,13,865.0,39
861.0,13,13,885.0,33
407.0,13,13,875.0,34
603.0,13,14,965.0,13
442.0,14,14,1120.0,28
543.0,14,14,930.0,14
325.0,14,14,1020.0,14
884.0,14,14,930.0,42
182.0,14,14,1040.0,17
426.0,14,14,940.0,42
995.0,13,14,975.0,13
12.0,14,14,1110.0,26
559.0,14,14,940.0,40
1422.0,15,15,1005.0,45
798.0,14,15,940.0,38
235.0,13,15,860.0,13
1843.0,14,15,1005.0,17
900.0,15,15,1070.0,21
174.0,15,15,1020.0,39
783.0,12,15,895.0,12
547.0,1,15,63.0,1
25.0,15,15,1120.0,18
56.0,16,16,1085.0,42
4540.0,14,16,910.0,14
509.0,14,16,925.0,30
287.0,16,16,1050.0,16
779.0,1,17,63.0,1
1477.0,15,17,1015.0,15
63.0,17,17,1190.0,17
1355.0,7,17,460.0,7
434.0,17,17,1045.0,17
1739.0,18,18,1240.0,34
33.0,13,18,845.0,13
544.0,18,18,1205.0,54
572.0,18,18,1190.0,54
51.0,18,18,1349.0,28
687.0,17,18,1200.0,17
320.0,19,19,1275.0,57
1046.0,19,19,1245.0,21
849.0,2,20,130.0,3
604.0,20,20,1355.0,60
2524.0,4,20,240.0,4
2061.0,9,20,715.0,9
139.0,21,21,1415.0,63
4089.0,22,22,1430.0,22
596.0,21,22,1415.0,26
605.0,21,23,1425.0,21
95.0,22,23,1435.0,22
2379.0,22,24,1755.0,26
319.0,24,24,1605.0,72
1846.0,23,25,1495.0,23
44.0,24,25,1565.0,24
2020.0,1,27,60.0,1
166.0,27,27,1810.0,81
1561.0,2,27,134.0,6
595.0,27,28,1755.0,27
3666.0,3,28,180.0,3
834.0,12,29,805.0,12
720.0,3,30,195.0,7
358.0,29,30,1905.0,30
404.0,26,30,1825.0,26
499.0,31,31,2060.0,39
357.0,31,33,2045.0,31
85.0,12,34,780.0,12
251.0,35,35,2380.0,62
298.0,18,37,1230.0,18
1987.0,11,38,740.0,38
87.0,38,38,2860.0,107
516.0,34,39,2206.0,98
208.0,33,39,2205.0,33
684.0,20,41,1300.0,20
114.0,42,42,2825.0,64
466.0,37,42,2405.0,55
726.0,42,43,2860.0,124
1482.0,35,44,2275.0,35
122.0,41,44,2875.0,42
2261.0,1,47,60.0,1
219.0,26,52,1695.0,26
131.0,46,54,3235.0,52
1673.0,8,61,525.0,8
676.0,4,63,260.0,8
3667.0,14,63,840.0,14
548.0,2,67,120.0,2
76.0,62,67,4030.0,62
19.0,65,70,4230.0,65
28.0,65,72,4260.0,65
125.0,71,73,4615.0,71
16.0,80,83,5200.0,80
26.0,64,87,4170.0,64
156.0,89,89,5950.0,267
3766.0,1,108,65.0,1
129.0,56,119,3620.0,56
214.0,67,120,4360.0,188
1495.0,3,150,180.0,3
4994.0,1,150,65.0,1
1518.0,130,154,8532.0,150
167.0,112,161,7280.0,112
83.0,90,203,5850.0,90
312.0,42,203,2730.0,162
565.0,6,226,372.0,10
24.0,53,258,3565.0,227
566.0,13,279,841.0,13
11.0,191,306,12261.0,191
330.0,395,414,28608.0,460
1529.0,59,536,3555.0,62
121.0,44,776,2860.0,70
295.0,6,2136,363.0,18