cl_id,pd_id,qnt,val,frm_pg
2.0,7,7,490.0,7
5.0,1,1,70.0,1
6.0,1,1,70.0,1
7.0,10,10,610.0,10
8.0,2,2,145.0,3
9.0,8,8,170.0,16
10.0,11,11,820.0,14
11.0,191,306,12261.0,191
12.0,14,14,1110.0,26
13.0,2,2,145.0,4
15.0,9,9,645.0,9
16.0,80,83,5200.0,80
17.0,3,3,230.0,4
18.0,1,1,65.0,3
19.0,65,70,4230.0,65
20.0,6,6,395.0,18
21.0,1,1,75.0,1
22.0,1,1,80.0,1
23.0,1,1,75.0,1
24.0,53,258,3565.0,227
25.0,15,15,1120.0,18
26.0,64,87,4170.0,64
27.0,8,8,620.0,12
28.0,65,72,4260.0,65
29.0,1,1,65.0,3
30.0,2,2,130.0,6
31.0,5,5,370.0,5
32.0,6,6,425.0,10
33.0,13,18,845.0,13
34.0,2,2,145.0,2
35.0,6,6,430.0,6
36.0,1,1,75.0,2
37.0,1,1,75.0,1
38.0,1,1,80.0,2
39.0,10,10,755.0,20
40.0,2,2,145.0,5
41.0,4,4,300.0,4
42.0,2,2,155.0,2
43.0,6,6,470.0,12
44.0,24,25,1565.0,24
45.0,3,3,195.0,9
46.0,13,13,865.0,39
47.0,1,1,65.0,1
48.0,3,3,200.0,9
49.0,7,7,500.0,8
50.0,7,7,470.0,21
51.0,18,18,1349.0,28
53.0,1,1,80.0,1
54.0,7,7,510.0,7
55.0,7,7,525.0,7
56.0,16,16,1085.0,42
57.0,4,4,305.0,6
58.0,5,5,0.0,5
59.0,4,4,270.0,10
60.0,5,5,375.0,5
61.0,1,1,80.0,1
62.0,5,5,340.0,11
63.0,17,17,1190.0,17
64.0,11,11,785.0,11
65.0,9,9,665.0,9
66.0,7,7,535.0,13
67.0,7,7,515.0,7
68.0,1,1,80.0,2
69.0,11,11,730.0,33
70.0,9,12,630.0,9
71.0,11,11,749.0,11
72.0,1,1,75.0,5
74.0,3,3,210.0,3
75.0,9,9,695.0,15
76.0,62,67,4030.0,62
77.0,9,9,669.0,9
78.0,4,4,300.0,4
79.0,9,9,645.0,15
80.0,7,8,530.0,8
81.0,5,5,365.0,5
82.0,2,2,155.0,3
83.0,90,203,5850.0,90
84.0,5,5,335.0,15
85.0,12,34,780.0,12
86.0,5,5,365.0,7
87.0,38,38,2860.0,107
88.0,2,2,155.0,2
89.0,11,11,745.0,30
90.0,1,1,75.0,1
91.0,7,7,523.0,7
92.0,7,7,515.0,7
93.0,1,1,75.0,1
94.0,1,1,75.0,1
95.0,22,23,1435.0,22
96.0,9,9,655.0,11
97.0,6,6,475.0,11
98.0,1,1,75.0,1
99.0,1,1,80.0,1
100.0,11,11,750.0,33
101.0,1,1,80.0,1
102.0,3,3,230.0,3
103.0,6,6,400.0,18
105.0,1,1,75.0,1
106.0,8,8,570.0,8
107.0,1,1,80.0,1
108.0,6,6,430.0,14
109.0,3,6,195.0,3
110.0,2,2,155.0,2
111.0,9,9,685.0,11
112.0,2,2,145.0,3
113.0,10,10,755.0,14
114.0,42,42,2825.0,64
115.0,1,1,75.0,1
116.0,2,2,155.0,3
117.0,2,2,155.0,2
118.0,7,7,525.0,7
119.0,8,8,540.0,24
120.0,1,1,80.0,1
121.0,44,776,2860.0,70
122.0,41,44,2875.0,42
123.0,11,11,810.0,11
124.0,8,8,580.0,8
125.0,71,73,4615.0,71
126.0,2,2,155.0,3
127.0,8,8,635.0,15
128.0,13,13,880.0,37
129.0,56,119,3620.0,56
130.0,8,8,595.0,11
131.0,46,54,3235.0,52
132.0,4,4,290.0,4
133.0,1,1,80.0,1
134.0,4,4,270.0,12
135.0,5,5,375.0,18
136.0,1,1,70.0,1
137.0,6,6,390.0,18
138.0,1,1,80.0,1
139.0,21,21,1415.0,63
140.0,7,7,530.0,7
141.0,7,9,525.0,7
142.0,1,1,75.0,1
143.0,9,9,605.0,27
144.0,4,4,270.0,12
145.0,3,3,195.0,9
146.0,9,9,665.0,9
147.0,1,1,75.0,2
148.0,1,1,80.0,1
149.0,2,2,155.0,4
150.0,1,1,70.0,1
151.0,1,1,80.0,1
152.0,1,1,80.0,3
153.0,8,8,560.0,8
154.0,9,9,595.0,27
155.0,6,6,450.0,6
156.0,89,89,5950.0,267
157.0,1,1,80.0,2
158.0,6,6,450.0,6
159.0,1,1,50.0,2
160.0,1,1,80.0,2
161.0,1,1,80.0,2
162.0,1,1,80.0,2
163.0,2,2,130.0,6
164.0,1,1,70.0,1
165.0,4,4,305.0,8
166.0,27,27,1810.0,81
167.0,112,161,7280.0,112
168.0,2,2,155.0,2
169.0,6,6,395.0,18
170.0,1,1,75.0,1
171.0,1,1,40.0,2
172.0,7,7,530.0,7
173.0,1,1,65.0,3
174.0,15,15,1020.0,39
175.0,1,1,80.0,1
176.0,11,11,755.0,13
177.0,4,4,265.0,12
178.0,9,9,620.0,27
179.0,8,8,640.0,16
180.0,12,12,895.0,13
181.0,2,2,155.0,2
182.0,14,14,1040.0,17
183.0,7,7,520.0,7
184.0,8,8,630.0,14
185.0,1,1,65.0,3
186.0,5,5,380.0,5
187.0,1,1,80.0,1
188.0,1,1,80.0,1
189.0,1,1,65.0,1
191.0,6,6,430.0,10
192.0,1,1,80.0,1
193.0,1,1,80.0,1
194.0,1,1,65.0,1
195.0,4,4,300.0,4
196.0,1,1,80.0,2
197.0,1,1,75.0,1
199.0,1,1,80.0,1
200.0,7,7,520.0,7
201.0,2,2,160.0,4
202.0,10,10,750.0,11
203.0,5,5,400.0,10
204.0,5,5,355.0,5
205.0,2,2,150.0,2
206.0,6,6,445.0,6
207.0,9,9,645.0,9
208.0,33,39,2205.0,33
209.0,2,2,130.0,2
210.0,1,1,80.0,1
212.0,1,1,80.0,2
213.0,2,2,155.0,2
214.0,67,120,4360.0,188
215.0,4,4,285.0,4
216.0,1,1,80.0,1
217.0,11,11,750.0,33
218.0,1,1,80.0,1
219.0,26,52,1695.0,26
220.0,10,11,690.0,22
221.0,4,4,305.0,5
222.0,6,6,420.0,6
224.0,8,8,590.0,8
225.0,6,6,475.0,11
226.0,1,1,80.0,1
227.0,1,1,75.0,1
228.0,7,7,470.0,17
229.0,1,1,80.0,1
230.0,3,3,210.0,3
231.0,1,1,75.0,1
232.0,1,1,65.0,3
233.0,8,8,590.0,8
234.0,1,1,80.0,1
235.0,13,15,860.0,13
236.0,2,2,145.0,2
237.0,2,2,145.0,6
238.0,6,6,390.0,7
239.0,5,5,335.0,11
240.0,4,4,315.0,6
241.0,1,1,80.0,1
242.0,1,1,30.0,2
243.0,1,2,70.0,1
244.0,1,1,75.0,1
245.0,1,1,70.0,1
246.0,1,1,80.0,1
247.0,7,7,500.0,15
248.0,2,2,150.0,4
249.0,1,3,75.0,1
250.0,1,1,80.0,2
251.0,35,35,2380.0,62
252.0,1,1,75.0,1
253.0,3,3,210.0,3
254.0,1,1,65.0,3
255.0,1,1,75.0,1
256.0,1,1,75.0,1
257.0,10,10,755.0,10
258.0,9,9,680.0,10
259.0,1,1,80.0,1
260.0,1,1,80.0,2
262.0,1,1,80.0,2
263.0,1,1,75.0,1
264.0,9,9,660.0,9
265.0,1,1,75.0,2
266.0,10,10,745.0,10
267.0,1,1,65.0,3
268.0,7,7,515.0,7
269.0,1,1,75.0,1
270.0,2,2,155.0,2
271.0,5,5,335.0,15
272.0,10,10,700.0,10
273.0,6,6,450.0,6
274.0,3,3,210.0,3
275.0,2,2,150.0,2
276.0,1,1,80.0,1
277.0,1,1,80.0,1
278.0,5,5,330.0,15
279.0,1,1,65.0,3
280.0,4,4,290.0,4
281.0,9,9,630.0,15
282.0,1,1,80.0,2
284.0,2,2,155.0,4
285.0,5,5,370.0,9
286.0,6,6,455.0,11
287.0,16,16,1050.0,16
288.0,4,4,315.0,8
289.0,1,1,80.0,2
290.0,5,5,340.0,14
291.0,3,3,215.0,9
292.0,1,1,75.0,1
293.0,11,11,835.0,13
294.0,7,7,515.0,8
295.0,6,2136,363.0,18
296.0,11,11,815.0,11
297.0,1,1,80.0,2
298.0,18,37,1230.0,18
299.0,4,4,305.0,6
301.0,1,1,70.0,1
302.0,1,1,80.0,1
303.0,3,3,215.0,4
304.0,6,6,385.0,10
305.0,13,13,870.0,39
306.0,8,8,535.0,9
307.0,4,4,305.0,4
308.0,2,2,150.0,2
309.0,2,2,150.0,2
310.0,2,2,130.0,6
311.0,4,4,310.0,7
312.0,42,203,2730.0,162
313.0,11,11,810.0,15
314.0,11,11,875.0,22
315.0,3,3,230.0,4
316.0,3,3,240.0,6
317.0,5,5,335.0,14
318.0,1,1,65.0,3
319.0,24,24,1605.0,72
320.0,19,19,1275.0,57
321.0,11,11,790.0,11
322.0,10,10,675.0,30
323.0,5,5,370.0,6
324.0,10,10,785.0,19
325.0,14,14,1020.0,14
326.0,2,2,155.0,4
327.0,2,2,150.0,2
328.0,7,7,525.0,7
329.0,4,7,265.0,4
330.0,395,414,28608.0,460
331.0,2,2,160.0,3
332.0,2,2,150.0,2
333.0,7,7,510.0,7
334.0,2,2,150.0,2
335.0,4,4,305.0,6
336.0,4,4,300.0,8
337.0,1,1,75.0,2
338.0,8,9,595.0,8
339.0,1,1,75.0,1
340.0,11,11,875.0,21
342.0,6,11,390.0,6
343.0,3,4,220.0,4
344.0,6,6,410.0,12
345.0,2,2,145.0,2
346.0,1,1,75.0,1
347.0,2,2,155.0,2
348.0,3,3,205.0,8
350.0,2,2,160.0,4
351.0,1,1,75.0,1
352.0,5,5,350.0,8
353.0,1,1,80.0,2
354.0,1,2,80.0,2
355.0,2,3,155.0,2
356.0,1,1,80.0,1
357.0,31,33,2045.0,31
358.0,29,30,1905.0,30
359.0,2,2,155.0,4
360.0,4,5,265.0,4
361.0,1,1,65.0,3
362.0,3,3,225.0,5
363.0,1,1,80.0,2
364.0,3,3,225.0,4
365.0,3,3,225.0,3
366.0,1,1,75.0,1
367.0,8,8,580.0,11
368.0,9,9,655.0,9
369.0,2,2,150.0,2
370.0,2,2,150.0,2
371.0,2,2,155.0,3
372.0,7,7,465.0,21
373.0,5,5,345.0,14
374.0,9,9,660.0,13
375.0,1,1,65.0,1
376.0,1,1,75.0,2
377.0,4,4,280.0,8
378.0,3,3,220.0,3
379.0,7,7,515.0,8
380.0,2,2,155.0,3
381.0,1,1,75.0,1
382.0,2,2,155.0,3
383.0,8,8,565.0,8
384.0,8,8,535.0,24
385.0,7,7,490.0,7
386.0,2,2,150.0,2
387.0,4,4,280.0,4
388.0,1,1,75.0,1
389.0,6,6,420.0,6
390.0,5,5,360.0,6
391.0,2,2,140.0,2
392.0,10,10,712.0,10
393.0,6,6,405.0,16
394.0,2,2,155.0,3
395.0,6,6,480.0,12
396.0,3,3,230.0,4
397.0,1,1,80.0,1
398.0,2,2,150.0,2
399.0,6,6,360.0,9
400.0,8,9,575.0,8
401.0,11,11,730.0,33
402.0,3,3,225.0,6
403.0,9,10,665.0,9
404.0,26,30,1825.0,26
405.0,2,2,140.0,2
406.0,1,1,65.0,3
407.0,13,13,875.0,34
408.0,4,4,295.0,4
409.0,1,1,80.0,2
410.0,3,3,235.0,3
411.0,2,2,150.0,2
412.0,4,4,280.0,8
413.0,7,7,490.0,7
414.0,3,3,220.0,3
415.0,2,2,155.0,2
416.0,3,3,230.0,5
417.0,1,1,65.0,1
418.0,4,4,300.0,4
419.0,1,1,80.0,1
420.0,6,6,460.0,11
421.0,1,1,80.0,2
422.0,6,6,435.0,6
423.0,4,4,265.0,12
424.0,2,2,150.0,2
425.0,11,11,825.0,16
426.0,14,14,940.0,42
427.0,3,3,225.0,3
428.0,2,2,140.0,2
429.0,5,5,370.0,5
430.0,1,1,70.0,1
431.0,12,12,850.0,12
432.0,3,3,215.0,4
433.0,1,1,70.0,1
434.0,17,17,1045.0,17
435.0,1,1,80.0,1
436.0,6,6,445.0,7
437.0,1,1,80.0,2
438.0,11,11,730.0,33
439.0,8,8,585.0,9
440.0,1,1,70.0,1
441.0,2,2,140.0,2
442.0,14,14,1120.0,28
443.0,3,3,200.0,9
444.0,1,1,80.0,2
445.0,6,6,440.0,7
446.0,10,10,720.0,10
447.0,2,2,145.0,2
448.0,1,1,80.0,1
449.0,3,3,225.0,7
450.0,1,1,80.0,2
451.0,6,6,425.0,6
452.0,1,1,65.0,3
453.0,2,2,130.0,6
454.0,3,3,210.0,3
455.0,3,3,235.0,6
456.0,3,3,225.0,3
457.0,1,1,75.0,1
458.0,5,5,370.0,5
459.0,1,1,75.0,1
460.0,1,1,70.0,2
461.0,1,1,80.0,2
462.0,3,3,225.0,3
463.0,5,5,330.0,15
464.0,1,1,65.0,3
465.0,8,8,535.0,15
466.0,37,42,2405.0,55
467.0,1,1,80.0,1
468.0,10,10,735.0,21
469.0,1,1,80.0,1
470.0,2,3,155.0,4
471.0,9,9,685.0,12
472.0,2,2,130.0,3
473.0,1,1,75.0,1
474.0,1,1,80.0,2
475.0,1,1,80.0,1
476.0,7,8,465.0,7
477.0,2,2,130.0,6
478.0,10,10,670.0,30
479.0,1,1,65.0,3
480.0,5,5,375.0,10
481.0,2,2,150.0,2
482.0,1,1,80.0,2
483.0,5,5,355.0,7
484.0,1,1,75.0,1
485.0,1,1,75.0,1
486.0,3,3,210.0,5
487.0,11,11,825.0,11
488.0,6,7,400.0,16
489.0,6,6,395.0,18
490.0,12,12,805.0,36
491.0,1,1,80.0,1
492.0,1,1,80.0,1
493.0,3,3,235.0,5
494.0,7,7,560.0,16
495.0,1,1,75.0,1
496.0,7,7,465.0,21
497.0,1,1,65.0,1
498.0,9,9,675.0,16
499.0,31,31,2060.0,39
500.0,6,6,400.0,18
501.0,4,4,300.0,6
502.0,4,4,260.0,12
503.0,2,2,150.0,2
504.0,2,2,160.0,4
505.0,1,1,80.0,1
506.0,1,1,80.0,2
507.0,7,7,470.0,21
508.0,9,9,670.0,9
509.0,14,16,925.0,30
510.0,4,4,320.0,8
511.0,1,1,80.0,2
512.0,1,1,80.0,2
513.0,6,6,420.0,6
514.0,1,1,80.0,2
515.0,7,7,470.0,21
516.0,34,39,2206.0,98
517.0,8,8,594.0,9
518.0,1,1,75.0,1
519.0,1,1,80.0,1
520.0,5,5,375.0,5
521.0,9,9,600.0,27
522.0,12,12,1040.0,22
523.0,4,4,305.0,4
524.0,13,13,910.0,13
525.0,5,5,380.0,5
526.0,4,4,315.0,7
527.0,1,1,80.0,1
528.0,3,3,215.0,3
529.0,1,2,65.0,1
530.0,2,2,155.0,4
531.0,1,1,80.0,1
532.0,3,3,240.0,6
533.0,8,8,540.0,24
534.0,6,6,400.0,8
535.0,1,1,80.0,2
536.0,3,3,225.0,3
537.0,4,4,300.0,5
538.0,5,5,335.0,15
539.0,5,5,380.0,6
540.0,7,7,465.0,21
541.0,2,2,150.0,2
542.0,5,5,370.0,5
543.0,14,14,930.0,14
544.0,18,18,1205.0,54
545.0,3,3,225.0,3
546.0,7,7,505.0,10
547.0,1,15,63.0,1
548.0,2,67,120.0,2
549.0,5,5,330.0,15
550.0,3,3,195.0,9
551.0,10,10,800.0,20
552.0,4,4,300.0,4
553.0,1,1,80.0,1
554.0,8,8,640.0,16
555.0,4,4,285.0,6
556.0,1,1,65.0,3
557.0,10,10,700.0,10
558.0,1,1,75.0,1
559.0,14,14,940.0,40
560.0,2,2,160.0,4
561.0,1,1,65.0,3
562.0,8,8,615.0,13
563.0,4,5,260.0,4
564.0,6,6,450.0,12
565.0,6,226,372.0,10
566.0,13,279,841.0,13
567.0,2,2,140.0,2
568.0,2,2,150.0,2
569.0,1,1,75.0,1
570.0,1,1,80.0,2
571.0,10,10,745.0,10
572.0,18,18,1190.0,54
573.0,11,11,825.0,11
574.0,2,2,145.0,2
575.0,8,8,535.0,24
576.0,5,5,335.0,15
577.0,6,6,405.0,16
578.0,7,7,470.0,21
579.0,7,7,490.0,7
580.0,10,10,725.0,10
581.0,8,8,495.0,27
582.0,5,5,330.0,15
583.0,9,9,670.0,9
584.0,11,11,785.0,11
585.0,6,8,455.0,8
586.0,1,1,70.0,1
587.0,4,4,305.0,4
588.0,11,11,755.0,27
589.0,1,1,75.0,1
590.0,3,3,200.0,9
591.0,2,2,150.0,3
592.0,3,3,225.0,3
593.0,5,5,330.0,15
594.0,1,1,75.0,1
595.0,27,28,1755.0,27
596.0,21,22,1415.0,26
597.0,1,1,80.0,2
598.0,1,1,70.0,1
599.0,5,5,375.0,5
600.0,4,4,300.0,4
601.0,10,10,760.0,11
602.0,1,1,80.0,2
603.0,13,14,965.0,13
604.0,20,20,1355.0,60
605.0,21,23,1425.0,21
606.0,9,9,655.0,12
607.0,1,1,65.0,3
608.0,1,1,75.0,2
609.0,1,1,75.0,1
610.0,9,9,640.0,15
611.0,8,8,580.0,10
612.0,5,5,375.0,5
613.0,2,2,150.0,3
614.0,2,2,150.0,3
615.0,3,3,225.0,3
616.0,9,9,629.0,21
617.0,11,11,745.0,32
618.0,4,4,295.0,4
619.0,6,6,445.0,6
620.0,5,5,355.0,5
621.0,1,1,80.0,2
622.0,2,2,150.0,2
623.0,4,4,285.0,4
625.0,1,1,70.0,1
626.0,13,13,970.0,14
627.0,4,4,300.0,4
628.0,1,1,80.0,2
629.0,2,2,150.0,3
630.0,1,1,80.0,1
631.0,11,13,830.0,11
632.0,3,3,230.0,3
633.0,9,10,595.0,10
634.0,4,10,260.0,4
635.0,4,4,305.0,4
636.0,3,3,210.0,5
637.0,2,2,130.0,6
638.0,3,3,235.0,5
639.0,12,12,800.0,36
640.0,1,1,80.0,2
641.0,10,10,835.0,10
642.0,5,5,0.0,5
643.0,6,6,400.0,18
644.0,5,5,360.0,5
645.0,6,6,460.0,11
646.0,1,1,80.0,2
647.0,9,9,605.0,9
648.0,5,5,335.0,15
649.0,6,6,445.0,6
650.0,1,1,70.0,1
651.0,1,1,75.0,1
652.0,2,2,135.0,6
653.0,6,6,455.0,11
654.0,7,7,510.0,11
655.0,7,7,465.0,21
656.0,1,1,80.0,1
657.0,1,1,65.0,3
658.0,5,5,375.0,5
659.0,7,7,465.0,21
660.0,1,1,65.0,3
661.0,1,1,75.0,1
662.0,1,1,75.0,1
663.0,3,3,225.0,6
664.0,2,2,155.0,3
665.0,1,1,70.0,1
666.0,1,1,75.0,1
667.0,1,1,75.0,1
668.0,12,12,865.0,12
669.0,3,3,200.0,9
670.0,9,9,610.0,12
671.0,12,12,800.0,36
672.0,3,3,210.0,3
673.0,4,4,295.0,4
674.0,1,1,75.0,1
675.0,2,2,140.0,3
676.0,4,63,260.0,8
677.0,7,7,520.0,8
678.0,4,4,275.0,12
679.0,1,1,80.0,2
680.0,1,1,75.0,1
681.0,1,1,65.0,3
682.0,2,2,145.0,2
683.0,4,4,265.0,12
684.0,20,41,1300.0,20
685.0,5,5,335.0,15
686.0,1,1,75.0,1
687.0,17,18,1200.0,17
688.0,3,3,235.0,4
689.0,2,2,150.0,2
690.0,5,5,410.0,11
691.0,1,1,70.0,1
692.0,2,2,150.0,2
693.0,1,1,75.0,1
694.0,4,4,300.0,4
695.0,4,4,280.0,4
696.0,4,4,290.0,4
697.0,2,2,150.0,2
698.0,4,4,270.0,12
699.0,4,4,310.0,11
700.0,10,10,740.0,10
701.0,1,1,75.0,1
702.0,1,1,65.0,3
703.0,4,4,280.0,4
704.0,2,2,140.0,2
705.0,10,10,695.0,10
706.0,7,7,470.0,21
707.0,3,3,200.0,5
708.0,8,8,610.0,11
709.0,4,4,290.0,7
710.0,8,8,605.0,10
711.0,1,1,65.0,1
712.0,1,1,75.0,1
713.0,2,2,130.0,6
714.0,5,5,335.0,15
715.0,6,6,455.0,6
716.0,1,1,75.0,1
717.0,3,3,200.0,9
718.0,1,1,70.0,1
719.0,6,6,455.0,10
720.0,3,30,195.0,7
721.0,7,7,475.0,21
722.0,9,9,665.0,9
723.0,7,7,505.0,7
724.0,8,8,585.0,8
725.0,1,1,75.0,1
726.0,42,43,2860.0,124
727.0,3,3,210.0,3
728.0,1,1,75.0,1
729.0,2,2,130.0,6
730.0,1,1,75.0,1
731.0,2,2,150.0,10
732.0,6,6,405.0,18
733.0,2,2,150.0,2
734.0,2,2,145.0,3
735.0,1,1,70.0,1
736.0,5,5,355.0,6
737.0,1,1,70.0,1
738.0,8,8,580.0,8
739.0,1,1,65.0,3
740.0,1,1,80.0,1
741.0,12,12,805.0,36
742.0,5,5,350.0,5
743.0,2,2,145.0,2
744.0,9,9,665.0,9
745.0,1,1,80.0,1
746.0,6,6,470.0,9
747.0,1,1,75.0,1
748.0,9,9,705.0,16
749.0,3,3,200.0,9
750.0,12,12,840.0,24
751.0,3,3,230.0,5
752.0,2,2,145.0,2
753.0,2,2,155.0,3
754.0,8,8,530.0,24
755.0,4,4,265.0,10
756.0,2,2,150.0,2
757.0,3,3,225.0,3
758.0,1,1,75.0,1
759.0,2,2,145.0,2
760.0,13,13,955.0,13
761.0,8,8,540.0,24
762.0,5,5,370.0,5
763.0,3,3,230.0,3
764.0,7,7,510.0,9
765.0,7,7,540.0,12
766.0,8,8,570.0,8
767.0,1,1,80.0,2
768.0,1,1,80.0,1
769.0,4,4,260.0,12
770.0,7,7,515.0,7
771.0,5,5,390.0,6
772.0,1,1,80.0,2
773.0,1,1,80.0,2
775.0,2,2,130.0,2
776.0,3,3,205.0,3
777.0,2,2,135.0,6
778.0,12,12,855.0,12
779.0,1,17,63.0,1
780.0,5,5,355.0,6
781.0,1,1,75.0,1
782.0,9,9,625.0,19
783.0,12,15,895.0,12
784.0,11,11,820.0,11
785.0,7,7,520.0,7
786.0,1,1,80.0,2
787.0,1,1,75.0,1
788.0,6,6,435.0,6
789.0,2,2,130.0,6
790.0,1,1,75.0,1
791.0,6,6,455.0,6
792.0,7,7,470.0,21
793.0,2,2,155.0,2
794.0,6,6,430.0,8
795.0,2,2,140.0,2
796.0,6,6,445.0,11
797.0,3,3,240.0,6
798.0,14,15,940.0,38
799.0,3,3,205.0,7
800.0,5,5,305.0,5
801.0,3,3,235.0,6
802.0,5,5,395.0,10
803.0,4,4,265.0,12
804.0,5,5,375.0,5
805.0,6,6,400.0,18
806.0,3,3,235.0,3
807.0,4,4,300.0,4
808.0,9,9,595.0,27
809.0,1,1,75.0,1
810.0,1,1,65.0,3
811.0,4,4,310.0,4
812.0,1,1,65.0,3
813.0,1,1,80.0,2
814.0,1,1,70.0,1
815.0,2,2,140.0,2
816.0,6,6,420.0,6
817.0,1,1,45.0,2
818.0,3,3,240.0,6
819.0,7,7,525.0,7
820.0,3,3,220.0,3
821.0,7,7,455.0,21
822.0,6,6,455.0,7
823.0,8,8,600.0,8
824.0,3,3,225.0,3
825.0,3,3,215.0,3
826.0,2,2,130.0,6
827.0,2,2,275.0,2
828.0,1,1,75.0,1
829.0,4,4,295.0,4
830.0,5,5,340.0,15
831.0,1,1,80.0,2
832.0,12,12,890.0,12
833.0,1,1,75.0,1
834.0,12,29,805.0,12
835.0,6,6,447.0,10
836.0,9,9,625.0,15
837.0,10,10,730.0,10
838.0,7,7,465.0,17
839.0,2,2,145.0,2
840.0,5,5,375.0,7
841.0,8,8,560.0,8
842.0,7,7,535.0,7
843.0,10,10,735.0,10
844.0,3,3,200.0,4
845.0,8,8,565.0,8
846.0,6,6,445.0,7
847.0,1,1,75.0,2
848.0,7,7,475.0,19
849.0,2,20,130.0,3
850.0,8,8,600.0,8
851.0,7,7,515.0,8
852.0,6,6,445.0,6
853.0,1,1,70.0,1
854.0,4,4,293.0,6
855.0,11,11,880.0,22
856.0,1,1,75.0,1
857.0,10,10,685.0,26
858.0,1,1,75.0,1
859.0,6,6,465.0,10
860.0,8,8,600.0,8
861.0,13,13,885.0,33
862.0,5,5,350.0,5
863.0,4,4,270.0,8
864.0,3,3,235.0,5
865.0,2,2,145.0,2
866.0,11,11,730.0,33
867.0,1,1,80.0,1
868.0,2,2,150.0,2
869.0,6,6,400.0,18
870.0,8,8,595.0,14
871.0,2,2,130.0,2
872.0,5,5,400.0,10
873.0,5,5,280.0,9
874.0,1,1,25.0,2
875.0,6,6,390.0,18
876.0,7,7,495.0,21
877.0,1,1,75.0,1
878.0,4,4,285.0,4
879.0,7,7,535.0,8
880.0,1,1,75.0,1
881.0,8,8,545.0,19
883.0,10,10,730.0,10
884.0,14,14,930.0,42
885.0,1,1,80.0,1
886.0,9,9,595.0,27
887.0,2,2,140.0,2
888.0,1,1,80.0,2
889.0,1,1,75.0,1
890.0,1,1,80.0,1
891.0,1,1,75.0,1
892.0,3,3,235.0,5
893.0,3,3,225.0,3
894.0,9,9,595.0,25
895.0,1,1,75.0,1
896.0,1,1,75.0,1
897.0,1,1,80.0,1
898.0,2,2,145.0,2
899.0,2,2,120.0,2
900.0,15,15,1070.0,21
901.0,2,2,155.0,2
902.0,4,4,320.0,8
903.0,7,7,465.0,21
904.0,1,1,80.0,1
905.0,8,8,535.0,24
906.0,5,5,325.0,5
907.0,11,11,825.0,11
909.0,4,4,300.0,4
910.0,7,7,465.0,21
911.0,4,4,260.0,12
912.0,7,7,470.0,21
914.0,8,8,610.0,16
915.0,5,5,375.0,5
916.0,4,4,285.0,4
917.0,9,9,680.0,14
918.0,6,6,395.0,18
919.0,7,7,470.0,21
920.0,1,1,70.0,1
921.0,9,9,605.0,27
922.0,8,8,530.0,8
923.0,4,5,285.0,4
924.0,8,8,630.0,16
925.0,12,13,870.0,12
926.0,6,6,395.0,18
927.0,1,1,65.0,3
928.0,2,2,130.0,6
929.0,7,7,500.0,7
930.0,3,3,240.0,6
931.0,4,4,290.0,4
932.0,6,6,445.0,6
933.0,7,7,540.0,14
934.0,5,5,400.0,10
935.0,4,4,295.0,4
936.0,5,5,370.0,7
937.0,1,1,80.0,2
938.0,1,1,65.0,3
939.0,8,8,575.0,10
940.0,5,5,335.0,15
941.0,3,3,210.0,8
942.0,7,7,530.0,7
943.0,4,4,300.0,4
944.0,9,9,605.0,27
945.0,1,1,75.0,1
946.0,1,1,70.0,1
947.0,5,5,365.0,5
948.0,6,6,420.0,6
949.0,5,5,370.0,5
950.0,7,7,535.0,7
951.0,9,9,660.0,9
952.0,1,1,80.0,2
953.0,4,4,295.0,4
954.0,3,3,215.0,3
955.0,9,9,680.0,9
956.0,6,7,425.0,7
957.0,1,1,75.0,1
958.0,4,4,280.0,5
959.0,2,2,135.0,2
960.0,3,3,230.0,4
961.0,4,4,280.0,12
962.0,3,3,230.0,3
963.0,6,6,445.0,7
964.0,4,4,285.0,4
965.0,1,1,75.0,1
966.0,9,9,600.0,27
967.0,4,4,295.0,5
968.0,1,1,70.0,1
969.0,7,7,515.0,7
970.0,2,2,140.0,3
971.0,4,4,300.0,4
972.0,3,3,205.0,7
973.0,8,8,635.0,16
974.0,1,1,75.0,1
975.0,9,9,635.0,9
976.0,5,5,335.0,15
977.0,11,11,740.0,33
978.0,5,5,395.0,10
979.0,1,1,65.0,3
980.0,8,8,545.0,24
981.0,1,1,80.0,1
982.0,3,3,180.0,3
983.0,6,6,470.0,11
984.0,3,3,215.0,3
985.0,3,3,240.0,6
986.0,5,5,345.0,13
987.0,4,4,300.0,4
988.0,2,2,150.0,3
989.0,4,4,290.0,4
990.0,5,5,395.0,10
991.0,4,4,295.0,4
992.0,6,6,470.0,11
993.0,3,3,235.0,5
994.0,1,1,75.0,1
995.0,13,14,975.0,13
996.0,3,3,240.0,6
997.0,8,8,590.0,8
998.0,8,8,545.0,22
999.0,1,1,65.0,3
1000.0,5,5,380.0,6
1001.0,4,4,295.0,4
1002.0,8,9,600.0,10
1003.0,1,1,80.0,2
1004.0,2,2,150.0,2
1005.0,4,4,300.0,4
1006.0,2,2,155.0,2
1007.0,5,5,375.0,8
1008.0,1,1,80.0,2
1009.0,4,4,295.0,4
1010.0,7,7,505.0,7
1011.0,4,4,300.0,6
1012.0,6,6,457.0,12
1013.0,4,4,285.0,4
1014.0,6,6,460.0,8
1015.0,1,1,75.0,1
1016.0,1,1,75.0,1
1017.0,1,1,75.0,1
1018.0,4,4,270.0,12
1019.0,2,2,150.0,2
1020.0,8,8,530.0,24
1021.0,4,4,305.0,4
1022.0,2,2,155.0,3
1023.0,1,1,75.0,1
1024.0,4,5,320.0,8
1025.0,1,1,80.0,2
1026.0,7,7,510.0,7
1027.0,1,1,80.0,2
1028.0,9,11,660.0,17
1029.0,1,1,70.0,1
1030.0,7,7,460.0,21
1031.0,6,6,465.0,10
1032.0,2,2,150.0,2
1033.0,3,3,225.0,5
1034.0,9,9,685.0,14
1035.0,9,9,655.0,9
1036.0,4,4,290.0,6
1037.0,1,1,70.0,1
1038.0,2,2,150.0,2
1039.0,1,1,80.0,2
1040.0,8,9,540.0,24
1041.0,7,7,520.0,7
1042.0,4,4,300.0,6
1043.0,5,5,395.0,8
1044.0,8,8,625.0,14
1045.0,2,2,145.0,2
1046.0,19,19,1245.0,21
1047.0,2,2,150.0,2
1048.0,1,1,65.0,3
1049.0,11,11,865.0,22
1050.0,13,13,885.0,38
1051.0,1,1,75.0,2
1052.0,8,8,575.0,20
1053.0,1,1,80.0,2
1054.0,3,3,220.0,3
1055.0,6,6,425.0,6
1056.0,3,3,205.0,7
1057.0,1,1,75.0,1
1058.0,7,7,520.0,8
1059.0,1,1,70.0,1
1060.0,1,1,65.0,3
1061.0,7,7,540.0,12
1062.0,4,4,295.0,6
1063.0,5,5,340.0,6
1064.0,11,12,770.0,12
1065.0,2,2,130.0,6
1066.0,4,4,275.0,8
1067.0,7,7,470.0,21
1068.0,3,3,225.0,5
1069.0,1,1,65.0,3
1070.0,5,5,360.0,8
1071.0,4,4,295.0,4
1072.0,4,4,290.0,4
1073.0,2,2,160.0,4
1074.0,3,3,230.0,5
1075.0,5,5,375.0,5
1076.0,3,3,215.0,3
1077.0,5,5,350.0,5
1078.0,4,8,280.0,4
1079.0,9,9,655.0,9
1080.0,6,6,430.0,6
1081.0,6,6,445.0,6
1082.0,6,6,450.0,6
1084.0,9,9,715.0,17
1085.0,1,1,75.0,2
1086.0,2,2,160.0,4
1087.0,8,8,600.0,10
1088.0,2,2,160.0,4
1089.0,2,2,140.0,2
1090.0,6,6,440.0,9
1091.0,5,5,375.0,10
1092.0,3,3,225.0,3
1093.0,4,4,295.0,4
1094.0,4,4,300.0,8
1095.0,3,3,205.0,9
1096.0,6,6,445.0,6
1097.0,2,2,160.0,4
1098.0,4,4,170.0,7
1099.0,1,1,75.0,1
1100.0,3,3,195.0,9
1101.0,6,6,420.0,6
1102.0,1,1,70.0,1
1103.0,4,4,260.0,12
1104.0,4,4,270.0,12
1105.0,5,5,365.0,5
1106.0,6,6,445.0,7
1107.0,6,6,410.0,13
1108.0,1,1,75.0,1
1110.0,3,3,225.0,3
1111.0,3,3,200.0,4
1112.0,5,5,380.0,8
1113.0,7,7,520.0,7
1114.0,1,1,80.0,2
1115.0,10,10,790.0,19
1116.0,1,1,80.0,2
1117.0,2,2,150.0,2
1118.0,7,7,525.0,7
1119.0,3,3,240.0,6
1120.0,3,3,210.0,3
1121.0,4,4,280.0,5
1122.0,10,10,715.0,12
1123.0,1,1,75.0,1
1124.0,2,2,160.0,4
1125.0,10,10,670.0,30
1126.0,7,7,520.0,7
1127.0,5,5,365.0,5
1128.0,5,5,365.0,5
1129.0,8,8,585.0,8
1130.0,3,4,225.0,6
1131.0,3,3,240.0,6
1132.0,5,5,400.0,10
1133.0,8,8,640.0,16
1134.0,6,6,455.0,10
1135.0,2,2,160.0,4
1136.0,3,3,230.0,4
1137.0,6,6,400.0,18
1138.0,8,8,595.0,8
1139.0,6,6,465.0,11
1140.0,1,1,70.0,2
1141.0,9,9,675.0,11
1142.0,5,5,400.0,10
1143.0,3,3,220.0,3
1144.0,1,1,70.0,1
1145.0,10,10,650.0,14
1146.0,4,4,295.0,7
1147.0,1,1,80.0,2
1148.0,6,6,450.0,6
1149.0,6,6,400.0,18
1150.0,4,4,310.0,8
1151.0,2,2,130.0,6
1152.0,7,8,515.0,7
1153.0,7,7,475.0,21
1154.0,5,5,360.0,10
1155.0,1,1,75.0,1
1156.0,4,4,300.0,4
1157.0,5,5,400.0,10
1158.0,3,3,220.0,3
1159.0,6,6,450.0,6
1160.0,5,5,380.0,8
1161.0,2,2,145.0,2
1162.0,2,2,130.0,6
1163.0,1,1,75.0,1
1164.0,5,5,360.0,5
1165.0,2,2,130.0,6
1166.0,1,1,65.0,3
1167.0,8,8,530.0,24
1168.0,2,2,150.0,4
1169.0,4,4,290.0,4
1170.0,2,2,145.0,2
1171.0,5,5,335.0,5
1172.0,1,1,75.0,1
1173.0,3,3,220.0,3
1174.0,2,2,150.0,2
1175.0,4,4,285.0,11
1176.0,7,7,465.0,21
1177.0,2,2,150.0,2
1178.0,1,1,75.0,1
1179.0,2,2,130.0,6
1180.0,6,8,410.0,14
1181.0,1,1,80.0,2
1182.0,5,5,335.0,15
1183.0,6,6,400.0,18
1184.0,1,1,65.0,1
1185.0,3,3,230.0,4
1186.0,8,8,630.0,15
1187.0,9,9,650.0,12
1188.0,3,3,195.0,9
1189.0,1,1,80.0,2
1190.0,6,6,405.0,16
1191.0,5,5,335.0,15
1192.0,1,1,75.0,1
1193.0,8,8,575.0,8
1194.0,6,6,405.0,18
1195.0,1,1,75.0,1
1196.0,7,7,529.0,10
1197.0,11,13,770.0,14
1198.0,1,1,70.0,1
1199.0,6,6,420.0,6
1200.0,5,5,365.0,9
1201.0,6,6,425.0,15
1202.0,1,1,130.0,2
1203.0,1,1,75.0,1
1204.0,1,1,75.0,1
1205.0,6,6,435.0,9
1206.0,2,2,160.0,4
1207.0,5,5,365.0,5
1208.0,4,5,285.0,4
1209.0,1,1,75.0,2
1210.0,11,11,840.0,17
1211.0,11,11,825.0,11
1212.0,1,1,65.0,3
1213.0,2,2,155.0,3
1214.0,2,2,155.0,4
1215.0,4,4,305.0,5
1216.0,6,6,445.0,6
1217.0,3,3,220.0,3
1218.0,4,4,295.0,4
1219.0,5,5,375.0,5
1220.0,4,4,290.0,4
1221.0,1,1,80.0,2
1222.0,5,5,385.0,9
1223.0,6,6,460.0,6
1224.0,4,5,260.0,4
1225.0,3,3,215.0,9
1227.0,4,4,295.0,4
1228.0,2,2,145.0,2
1229.0,2,2,140.0,2
1230.0,1,1,80.0,1
1231.0,2,2,150.0,4
1232.0,3,3,225.0,3
1233.0,2,2,150.0,3
1234.0,5,5,375.0,5
1235.0,3,3,210.0,3
1236.0,1,1,70.0,1
1237.0,1,1,75.0,1
1238.0,1,1,70.0,1
1239.0,5,5,375.0,5
1240.0,7,7,515.0,7
1241.0,2,2,150.0,2
1242.0,6,6,440.0,6
1243.0,5,5,390.0,9
1244.0,5,5,360.0,5
1245.0,5,5,355.0,7
1246.0,8,8,590.0,8
1247.0,7,7,465.0,21
1248.0,3,3,200.0,9
1249.0,3,3,220.0,4
1250.0,4,4,300.0,4
1251.0,2,2,160.0,4
1252.0,3,3,240.0,6
1253.0,1,1,75.0,1
1254.0,1,1,75.0,1
1255.0,4,4,305.0,7
1256.0,7,7,470.0,17
1257.0,8,8,615.0,14
1258.0,8,8,595.0,9
1259.0,1,1,70.0,1
1260.0,6,6,420.0,6
1261.0,4,4,290.0,5
1262.0,1,1,80.0,2
1263.0,3,3,229.0,5
1264.0,4,4,295.0,13
1265.0,2,2,150.0,2
1266.0,6,6,440.0,6
1267.0,2,2,140.0,2
1268.0,1,1,75.0,1
1269.0,10,10,755.0,11
1270.0,1,1,70.0,1
1271.0,4,4,305.0,7
1272.0,2,2,155.0,3
1273.0,2,2,145.0,3
1274.0,12,12,800.0,36
1275.0,2,2,115.0,3
1276.0,8,8,535.0,24
1277.0,3,3,220.0,3
1278.0,1,1,70.0,1
1279.0,2,2,145.0,2
1280.0,3,3,215.0,5
1281.0,5,5,400.0,10
1282.0,1,1,75.0,1
1283.0,1,1,80.0,2
1284.0,2,2,140.0,2
1285.0,1,1,65.0,3
1286.0,4,4,270.0,12
1287.0,7,7,520.0,7
1288.0,5,5,355.0,5
1289.0,1,1,75.0,2
1290.0,1,1,75.0,2
1291.0,1,1,80.0,2
1292.0,3,3,210.0,4
1293.0,7,7,507.0,7
1294.0,8,8,540.0,24
1295.0,5,5,335.0,15
1296.0,4,4,265.0,12
1297.0,1,1,75.0,1
1298.0,3,3,225.0,4
1299.0,4,4,280.0,4
1300.0,1,1,75.0,1
1301.0,3,3,240.0,6
1302.0,4,4,285.0,6
1303.0,5,5,325.0,5
1304.0,4,4,280.0,4
1305.0,5,5,360.0,5
1306.0,1,1,70.0,1
1307.0,1,1,75.0,2
1308.0,5,5,390.0,10
1309.0,3,3,220.0,4
1310.0,2,2,155.0,3
1311.0,5,5,365.0,6
1312.0,7,7,520.0,9
1313.0,6,6,420.0,6
1314.0,1,1,70.0,1
1315.0,6,6,480.0,12
1316.0,1,1,75.0,1
1317.0,1,1,75.0,1
1318.0,4,4,315.0,7
1319.0,4,4,295.0,6
1320.0,6,6,405.0,18
1321.0,5,5,355.0,7
1322.0,1,1,80.0,2
1324.0,7,7,475.0,21
1325.0,1,1,75.0,1
1326.0,1,1,65.0,3
1327.0,5,5,335.0,15
1328.0,6,6,420.0,6
1329.0,3,3,210.0,3
1330.0,4,4,310.0,9
1331.0,6,6,460.0,9
1332.0,4,4,290.0,4
1333.0,2,2,140.0,2
1334.0,8,9,595.0,8
1335.0,1,1,65.0,3
1336.0,1,1,65.0,3
1337.0,1,1,75.0,1
1338.0,4,4,305.0,7
1339.0,1,1,80.0,2
1341.0,2,2,135.0,6
1342.0,1,1,80.0,2
1343.0,1,1,75.0,1
1344.0,3,3,220.0,3
1345.0,6,6,448.5,6
1346.0,4,4,320.0,8
1347.0,3,3,225.0,4
1348.0,1,1,75.0,1
1349.0,3,3,230.0,5
1350.0,8,8,530.0,26
1351.0,12,12,750.0,32
1352.0,1,1,75.0,1
1353.0,2,2,160.0,4
1354.0,1,1,70.0,1
1355.0,7,17,460.0,7
1356.0,2,2,160.0,4
1357.0,7,7,495.0,7
1358.0,8,10,560.0,8
1359.0,2,2,140.0,2
1360.0,4,4,285.0,5
1361.0,1,1,75.0,1
1362.0,7,7,465.0,21
1363.0,1,1,70.0,1
1364.0,4,4,305.0,8
1365.0,6,6,470.0,10
1366.0,2,2,160.0,4
1367.0,4,4,310.0,7
1368.0,1,1,75.0,1
1369.0,2,2,150.0,2
1370.0,3,3,200.0,9
1371.0,1,1,70.0,1
1372.0,2,2,150.0,2
1373.0,1,1,40.0,2
1374.0,5,5,335.0,15
1375.0,7,9,505.0,7
1376.0,1,1,80.0,2
1377.0,1,1,65.0,3
1378.0,2,4,155.0,4
1379.0,4,4,280.0,12
1380.0,2,2,140.0,2
1381.0,5,5,375.0,5
1382.0,4,4,270.0,12
1383.0,4,4,300.0,5
1384.0,3,6,210.0,3
1385.0,7,7,535.0,10
1386.0,3,3,200.0,9
1387.0,7,7,515.0,11
1388.0,1,1,75.0,1
1389.0,1,1,80.0,2
1390.0,2,2,155.0,2
1391.0,1,1,65.0,3
1392.0,1,1,80.0,2
1393.0,1,1,75.0,1
1394.0,1,1,60.0,5
1395.0,7,7,495.0,7
1396.0,3,3,210.0,3
1397.0,2,2,140.0,2
1398.0,5,5,335.0,15
1399.0,2,2,150.0,2
1400.0,1,1,80.0,2
1401.0,2,3,150.0,2
1402.0,7,7,525.0,7
1403.0,7,7,520.0,7
1404.0,1,1,75.0,1
1405.0,9,9,610.0,29
1406.0,5,5,330.0,15
1407.0,5,5,370.0,5
1408.0,4,4,285.0,4
1409.0,2,2,140.0,4
1410.0,1,1,70.0,1
1411.0,1,1,80.0,2
1412.0,8,8,640.0,16
1413.0,1,1,75.0,1
1414.0,2,2,140.0,2
1415.0,8,8,535.0,24
1416.0,2,2,140.0,2
1417.0,2,2,135.0,6
1418.0,1,1,70.0,1
1419.0,4,4,320.0,8
1420.0,1,1,80.0,2
1421.0,2,2,150.0,2
1422.0,15,15,1005.0,45
1423.0,1,1,65.0,3
1424.0,1,1,75.0,1
1425.0,1,1,70.0,1
1426.0,4,4,295.0,5
1427.0,1,1,75.0,1
1428.0,1,1,65.0,3
1429.0,2,2,140.0,2
1430.0,1,1,70.0,1
1431.0,1,1,65.0,3
1432.0,8,8,600.0,9
1433.0,5,5,365.0,5
1434.0,2,2,145.0,2
1435.0,1,1,65.0,3
1436.0,10,10,650.0,10
1437.0,3,3,240.0,6
1438.0,2,2,150.0,3
1439.0,7,7,470.0,19
1440.0,2,2,145.0,2
1441.0,6,6,445.0,6
1442.0,1,1,70.0,1
1443.0,1,1,65.0,3
1444.0,13,13,915.0,13
1445.0,2,2,150.0,2
1446.0,2,2,160.0,4
1447.0,1,1,75.0,1
1448.0,1,1,70.0,1
1449.0,2,2,140.0,2
1450.0,3,3,220.0,6
1451.0,1,1,75.0,1
1452.0,1,1,80.0,2
1453.0,4,4,290.0,4
1454.0,4,4,260.0,12
1455.0,4,4,285.0,4
1456.0,2,2,150.0,4
1457.0,6,6,449.0,9
1458.0,4,4,260.0,12
1459.0,1,1,75.0,1
1460.0,1,1,75.0,1
1461.0,5,7,375.0,6
1462.0,3,3,205.0,9
1463.0,1,1,65.0,3
1464.0,6,6,445.0,6
1465.0,3,3,215.0,3
1466.0,1,1,75.0,2
1467.0,3,3,240.0,6
1468.0,3,3,230.0,5
1469.0,1,1,65.0,3
1470.0,3,3,210.0,3
1471.0,7,7,455.0,7
1472.0,4,4,299.0,4
1473.0,2,2,154.0,3
1474.0,3,3,225.0,3
1475.0,5,5,330.0,15
1476.0,6,7,450.0,6
1477.0,15,17,1015.0,15
1478.0,1,1,70.0,1
1479.0,1,1,75.0,1
1480.0,2,2,160.0,4
1481.0,6,6,440.0,9
1482.0,35,44,2275.0,35
1483.0,4,4,270.0,12
1484.0,1,1,65.0,3
1485.0,1,1,75.0,1
1486.0,1,1,65.0,3
1487.0,9,9,695.0,15
1488.0,3,3,235.0,5
1489.0,2,2,150.0,2
1490.0,6,6,430.0,6
1491.0,2,2,145.0,2
1492.0,2,2,140.0,2
1493.0,4,4,290.0,4
1494.0,2,2,145.0,3
1495.0,3,150,180.0,3
1496.0,1,1,80.0,2
1497.0,1,2,80.0,2
1498.0,1,1,80.0,2
1499.0,5,5,335.0,15
1500.0,3,3,210.0,3
1501.0,2,2,155.0,3
1502.0,3,4,225.0,5
1503.0,1,1,80.0,2
1504.0,1,1,165.0,2
1505.0,2,2,135.0,4
1506.0,2,2,130.0,6
1507.0,3,3,220.0,3
1508.0,1,1,70.0,1
1509.0,3,3,220.0,4
1510.0,1,1,70.0,1
1511.0,5,5,330.0,15
1512.0,4,4,265.0,12
1513.0,1,1,65.0,3
1514.0,3,3,210.0,3
1515.0,3,3,235.0,5
1516.0,3,3,220.0,3
1517.0,1,1,65.0,3
1518.0,130,154,8532.0,150
1519.0,4,4,310.0,6
1520.0,1,1,70.0,1
1521.0,2,2,140.0,2
1522.0,10,10,725.0,10
1523.0,4,4,300.0,6
1524.0,2,2,155.0,2
1525.0,2,2,320.0,4
1526.0,1,1,75.0,1
1527.0,10,10,735.0,10
1528.0,6,6,480.0,12
1529.0,59,536,3555.0,62
1530.0,6,6,450.0,7
1531.0,6,6,410.0,18
1533.0,5,5,375.0,5
1534.0,2,2,150.0,2
1535.0,3,3,195.0,9
1536.0,1,1,70.0,1
1537.0,6,6,440.0,6
1538.0,8,8,640.0,16
1539.0,6,7,465.0,12
1540.0,1,1,80.0,2
1541.0,8,8,600.0,8
1542.0,1,1,75.0,2
1543.0,8,8,570.0,8
1544.0,3,3,210.0,3
1545.0,3,3,215.0,3
1546.0,6,6,455.0,8
1547.0,6,6,440.0,6
1548.0,1,1,75.0,1
1549.0,5,5,380.0,7
1550.0,1,1,65.0,3
1551.0,2,2,150.0,2
1552.0,3,4,224.0,4
1553.0,2,2,135.0,6
1554.0,7,7,475.0,21
1555.0,5,5,335.0,15
1556.0,3,3,220.0,5
1557.0,3,3,225.0,5
1558.0,2,2,140.0,2
1559.0,6,6,455.0,9
1560.0,2,2,150.0,2
1561.0,2,27,134.0,6
1562.0,2,2,130.0,6
1563.0,1,1,80.0,2
1564.0,9,9,585.0,9
1565.0,4,4,265.0,12
1566.0,2,2,145.0,2
1567.0,1,1,65.0,3
1568.0,1,1,75.0,1
1569.0,8,8,525.0,8
1570.0,3,3,215.0,3
1571.0,6,6,450.0,8
1572.0,2,2,145.0,2
1573.0,1,1,70.0,1
1574.0,5,6,375.0,9
1575.0,9,9,675.0,10
1576.0,1,1,65.0,1
1577.0,1,1,75.0,1
1578.0,4,4,290.0,4
1579.0,2,2,150.0,2
1580.0,2,2,150.0,3
1581.0,4,4,300.0,4
1582.0,3,3,225.0,4
1583.0,1,1,75.0,1
1584.0,7,7,525.0,7
1585.0,5,5,335.0,15
1586.0,4,4,295.0,4
1587.0,1,1,80.0,2
1588.0,2,2,145.0,2
1589.0,6,6,439.0,6
1590.0,3,3,225.0,3
1592.0,4,4,300.0,4
1593.0,4,4,295.0,6
1594.0,5,5,370.0,5
1595.0,9,9,670.0,9
1597.0,1,1,65.0,1
1598.0,1,1,70.0,1
1599.0,5,5,365.0,5
1600.0,2,2,145.0,2
1601.0,4,4,295.0,5
1602.0,4,4,300.0,4
1603.0,1,1,70.0,1
1604.0,4,4,280.0,4
1605.0,8,8,595.0,8
1606.0,1,1,70.0,1
1607.0,1,1,70.0,1
1608.0,4,4,295.0,4
1609.0,7,7,519.0,10
1610.0,3,3,225.0,3
1611.0,5,5,370.0,6
1612.0,2,2,128.0,2
1613.0,5,5,375.0,8
1614.0,4,4,290.0,4
1615.0,2,2,160.0,4
1616.0,1,1,80.0,2
1617.0,1,1,75.0,1
1618.0,1,1,75.0,1
1619.0,3,3,210.0,3
1620.0,1,1,65.0,3
1621.0,1,1,65.0,1
1622.0,7,7,520.0,8
1623.0,3,3,215.0,3
1624.0,1,1,75.0,2
1625.0,9,9,615.0,26
1626.0,7,7,525.0,7
1627.0,5,5,370.0,5
1628.0,9,9,675.0,9
1629.0,1,1,75.0,1
1630.0,6,6,449.0,6
1631.0,6,6,425.0,6
1632.0,2,2,145.0,2
1633.0,5,5,379.0,6
1634.0,1,1,75.0,1
1635.0,3,3,195.0,9
1636.0,3,3,225.0,3
1637.0,1,1,75.0,1
1638.0,4,4,275.0,10
1639.0,4,8,280.0,4
1640.0,2,2,150.0,2
1641.0,1,1,75.0,1
1642.0,1,1,75.0,1
1643.0,1,1,75.0,1
1644.0,4,4,300.0,8
1645.0,6,6,455.0,6
1646.0,3,3,215.0,3
1647.0,2,2,130.0,6
1648.0,3,3,230.0,5
1649.0,1,1,70.0,1
1650.0,1,1,80.0,2
1651.0,2,2,160.0,4
1652.0,6,6,445.0,7
1653.0,1,1,65.0,1
1654.0,1,1,70.0,2
1655.0,2,2,150.0,2
1656.0,1,1,70.0,1
1657.0,2,2,130.0,6
1658.0,6,6,450.0,6
1659.0,4,4,290.0,4
1660.0,2,2,155.0,3
1661.0,6,6,405.0,16
1662.0,1,1,65.0,3
1663.0,5,5,375.0,6
1664.0,3,3,215.0,3
1665.0,6,6,435.0,6
1666.0,3,3,200.0,9
1667.0,3,3,225.0,3
1668.0,1,1,70.0,1
1669.0,3,3,200.0,9
1670.0,7,7,510.0,8
1671.0,3,3,225.0,4
1672.0,7,7,495.0,7
1673.0,8,61,525.0,8
1674.0,5,5,390.0,9
1675.0,5,5,335.0,15
1676.0,6,6,407.0,6
1677.0,2,3,140.0,2
1678.0,1,1,80.0,2
1679.0,6,6,425.0,6
1681.0,2,2,145.0,3
1682.0,1,1,80.0,2
1683.0,1,1,75.0,1
1684.0,2,2,140.0,2
1685.0,4,4,310.0,6
1686.0,9,9,640.0,9
1687.0,1,1,65.0,1
1688.0,1,1,80.0,2
1689.0,3,3,195.0,9
1690.0,2,2,130.0,6
1691.0,1,1,75.0,2
1692.0,2,2,140.0,3
1693.0,1,1,80.0,2
1694.0,4,4,300.0,4
1695.0,1,1,75.0,1
1696.0,3,3,225.0,3
1697.0,2,2,145.0,2
1698.0,1,1,80.0,2
1699.0,5,5,335.0,9
1700.0,2,2,140.0,2
1701.0,1,1,75.0,1
1702.0,3,3,235.0,5
1703.0,4,4,300.0,4
1704.0,9,9,705.0,17
1705.0,2,2,145.0,2
1706.0,3,3,225.0,3
1707.0,3,3,240.0,6
1708.0,3,3,210.0,5
1709.0,2,2,160.0,4
1710.0,4,4,310.0,7
1711.0,4,4,265.0,12
1712.0,1,1,65.0,3
1713.0,1,1,75.0,1
1714.0,2,3,140.0,2
1715.0,1,1,65.0,3
1716.0,3,3,220.0,3
1717.0,3,3,220.0,3
1718.0,5,5,370.0,5
1719.0,5,5,360.0,5
1720.0,7,7,525.0,7
1721.0,3,3,240.0,6
1722.0,1,1,70.0,1
1723.0,4,4,270.0,12
1724.0,2,2,135.0,6
1725.0,2,2,145.0,2
1726.0,1,1,65.0,3
1727.0,1,1,70.0,1
1728.0,1,1,75.0,1
1729.0,3,3,200.0,5
1731.0,1,1,75.0,1
1732.0,1,1,75.0,2
1733.0,1,1,75.0,1
1734.0,4,4,290.0,4
1735.0,4,4,295.0,4
1736.0,1,1,70.0,1
1737.0,2,2,145.0,6
1738.0,7,7,470.0,21
1739.0,18,18,1240.0,34
1740.0,1,1,70.0,1
1741.0,1,1,75.0,1
1742.0,3,3,220.0,3
1743.0,1,1,75.0,1
1744.0,2,2,150.0,2
1745.0,2,2,140.0,4
1746.0,1,1,70.0,1
1747.0,4,4,280.0,4
1748.0,3,3,230.0,4
1749.0,3,3,220.0,3
1750.0,6,6,400.0,18
1751.0,6,6,435.0,6
1752.0,2,2,145.0,2
1753.0,1,1,65.0,3
1755.0,8,8,540.0,22
1756.0,1,1,65.0,1
1757.0,10,10,670.0,30
1758.0,2,2,130.0,6
1759.0,1,1,75.0,1
1760.0,1,1,75.0,1
1761.0,1,1,80.0,2
1762.0,13,13,960.0,13
1763.0,4,4,270.0,10
1764.0,4,4,290.0,4
1765.0,1,1,65.0,1
1766.0,1,1,65.0,3
1767.0,1,1,75.0,1
1768.0,8,8,590.0,8
1769.0,1,1,75.0,1
1770.0,8,8,535.0,20
1771.0,1,1,75.0,1
1772.0,7,7,550.0,14
1773.0,1,1,75.0,1
1774.0,4,4,285.0,4
1775.0,2,2,150.0,2
1776.0,8,8,595.0,8
1777.0,3,3,215.0,3
1778.0,6,6,480.0,12
1779.0,12,12,860.0,20
1780.0,5,5,375.0,5
1781.0,1,1,80.0,2
1782.0,1,1,80.0,2
1783.0,3,3,225.0,3
1784.0,1,1,75.0,1
1785.0,1,1,40.0,1
1787.0,4,4,270.0,12
1788.0,1,1,75.0,1
1789.0,1,1,80.0,2
1790.0,5,6,325.0,5
1791.0,4,4,320.0,8
1793.0,1,1,65.0,3
1794.0,2,2,155.0,3
1795.0,5,5,395.0,9
1796.0,4,4,300.0,4
1797.0,6,6,435.0,6
1798.0,1,1,70.0,1
1799.0,1,1,70.0,1
1800.0,9,9,605.0,27
1801.0,2,2,140.0,2
1802.0,3,3,222.0,3
1803.0,5,5,355.0,6
1804.0,3,3,224.5,3
1805.0,1,1,25.0,2
1806.0,1,1,75.0,1
1807.0,7,7,555.0,14
1808.0,1,1,70.0,1
1809.0,5,5,370.0,9
1810.0,6,6,435.0,6
1811.0,3,3,215.0,3
1812.0,4,4,280.0,4
1813.0,3,3,215.0,3
1814.0,4,4,315.0,8
1815.0,4,4,295.0,5
1816.0,5,5,380.0,6
1817.0,1,1,70.0,2
1818.0,3,3,215.0,4
1819.0,1,1,75.0,1
1820.0,1,1,75.0,1
1821.0,2,2,145.0,2
1822.0,1,1,75.0,1
1823.0,4,4,265.0,12
1824.0,3,3,195.0,9
1825.0,1,1,80.0,2
1826.0,4,4,300.0,6
1827.0,3,3,215.0,3
1828.0,2,2,149.0,2
1829.0,5,5,335.0,15
1830.0,5,5,335.0,15
1831.0,3,3,225.0,3
1832.0,3,3,240.0,6
1833.0,3,3,225.0,4
1834.0,1,1,65.0,3
1835.0,6,6,405.0,18
1836.0,3,3,195.0,9
1837.0,1,1,80.0,2
1838.0,8,8,615.0,11
1839.0,1,1,65.0,3
1840.0,1,1,65.0,3
1841.0,1,1,75.0,1
1842.0,6,6,450.0,6
1843.0,14,15,1005.0,17
1844.0,1,1,75.0,1
1845.0,5,5,360.0,5
1846.0,23,25,1495.0,23
1847.0,3,3,225.0,3
1848.0,6,7,465.0,9
1849.0,2,2,150.0,2
1850.0,2,2,150.0,2
1851.0,4,4,295.0,5
1852.0,4,4,300.0,5
1853.0,2,2,130.0,6
1854.0,1,1,80.0,2
1855.0,5,5,335.0,15
1856.0,1,1,75.0,1
1857.0,4,4,270.0,14
1858.0,2,2,150.0,2
1859.0,2,2,140.0,2
1860.0,1,1,65.0,3
1861.0,2,2,145.0,2
1862.0,4,4,285.0,4
1863.0,7,7,540.0,12
1864.0,3,3,235.0,5
1865.0,1,1,75.0,1
1866.0,2,2,150.0,2
1868.0,1,1,70.0,1
1869.0,1,1,80.0,2
1870.0,1,1,80.0,2
1871.0,4,4,295.0,4
1872.0,5,5,355.0,5
1873.0,4,5,300.0,6
1874.0,4,4,300.0,4
1875.0,4,4,280.0,4
1876.0,8,8,615.0,15
1877.0,1,1,65.0,3
1878.0,2,2,150.0,2
1879.0,6,6,420.0,6
1880.0,1,1,70.0,1
1881.0,2,2,150.0,3
1882.0,1,1,75.0,1
1883.0,5,5,375.0,7
1884.0,4,4,260.0,7
1885.0,3,3,195.0,3
1886.0,1,1,75.0,1
1887.0,4,4,305.0,6
1888.0,8,8,615.0,12
1889.0,1,1,65.0,3
1890.0,1,1,70.0,1
1891.0,2,2,145.0,2
1892.0,1,1,65.0,1
1893.0,3,3,220.0,3
1894.0,1,2,75.0,1
1895.0,3,3,240.0,6
1896.0,5,5,365.0,7
1897.0,1,1,70.0,1
1898.0,5,5,365.0,5
1899.0,1,1,80.0,2
1900.0,1,1,70.0,1
1901.0,1,1,80.0,2
1902.0,1,1,70.0,1
1904.0,1,1,80.0,2
1905.0,3,3,215.0,3
1906.0,1,1,70.0,1
1907.0,2,2,150.0,2
1908.0,2,2,135.0,6
1909.0,2,2,145.0,3
1910.0,1,1,75.0,2
1911.0,1,1,65.0,3
1912.0,1,1,75.0,1
1913.0,8,8,570.0,10
1914.0,1,1,80.0,2
1915.0,1,1,70.0,2
1916.0,2,2,150.0,6
1917.0,1,1,75.0,2
1918.0,2,2,150.0,4
1919.0,3,3,210.0,3
1920.0,2,2,150.0,2
1922.0,2,2,145.0,2
1923.0,2,2,135.0,2
1924.0,1,1,70.0,1
1925.0,2,2,140.0,2
1926.0,4,4,300.0,6
1927.0,1,1,70.0,1
1928.0,3,3,200.0,9
1929.0,1,1,75.0,1
1930.0,5,5,380.0,6
1931.0,2,2,160.0,4
1932.0,6,6,425.0,6
1933.0,1,1,75.0,1
1934.0,3,3,220.0,3
1935.0,6,6,430.0,6
1936.0,4,4,280.0,4
1937.0,3,5,164.0,5
1938.0,4,4,275.0,12
1939.0,2,2,140.0,2
1940.0,1,1,75.0,1
1941.0,2,2,145.0,2
1942.0,2,2,140.0,4
1943.0,3,3,200.0,9
1944.0,1,1,80.0,2
1945.0,2,2,145.0,2
1946.0,2,2,150.0,4
1947.0,1,1,75.0,2
1948.0,4,4,280.0,4
1949.0,4,4,300.0,6
1950.0,5,5,375.0,5
1951.0,1,1,70.0,1
1952.0,2,2,150.0,2
1953.0,3,3,235.0,5
1954.0,1,1,70.0,1
1955.0,1,1,80.0,2
1956.0,5,5,400.0,10
1957.0,9,10,655.0,9
1958.0,1,1,65.0,3
1959.0,2,2,145.0,2
1960.0,1,1,75.0,1
1961.0,6,6,435.0,6
1962.0,1,1,75.0,2
1963.0,2,3,150.0,3
1964.0,4,4,270.0,12
1965.0,3,3,240.0,6
1966.0,2,2,140.0,2
1967.0,4,4,275.0,5
1968.0,2,2,160.0,4
1969.0,2,2,150.0,3
1970.0,1,1,70.0,1
1971.0,7,7,545.0,13
1972.0,1,1,70.0,1
1973.0,1,1,80.0,2
1974.0,2,2,150.0,3
1975.0,2,2,140.0,2
1976.0,3,3,222.0,3
1977.0,1,1,70.0,1
1978.0,2,2,280.0,4
1979.0,1,1,80.0,2
1980.0,9,9,665.0,9
1981.0,1,1,75.0,1
1982.0,2,2,140.0,2
1983.0,11,11,870.0,21
1984.0,4,4,320.0,8
1986.0,2,2,150.0,2
1987.0,11,38,740.0,38
1988.0,1,1,75.0,1
1989.0,2,2,130.0,6
1990.0,6,6,405.0,18
1991.0,4,4,300.0,4
1992.0,2,2,140.0,6
1993.0,4,4,310.0,7
1994.0,2,2,145.0,3
1995.0,3,3,220.0,5
1996.0,4,4,300.0,4
1997.0,1,1,75.0,1
1998.0,3,3,215.0,3
1999.0,1,1,70.0,1
2000.0,2,2,130.0,2
2001.0,9,9,680.0,10
2002.0,4,4,300.0,4
2003.0,3,3,225.0,3
2004.0,4,4,285.0,4
2005.0,2,2,130.0,6
2006.0,3,3,195.0,9
2007.0,3,3,225.0,3
2008.0,3,3,215.0,3
2009.0,1,1,80.0,2
2010.0,3,3,230.0,6
2011.0,4,4,260.0,12
2012.0,4,4,300.0,4
2013.0,1,1,65.0,3
2014.0,1,1,70.0,1
2015.0,6,6,480.0,12
2017.0,3,3,215.0,3
2018.0,1,1,80.0,2
2020.0,1,27,60.0,1
2021.0,5,5,375.0,10
2022.0,3,3,215.0,5
2023.0,1,1,65.0,1
2024.0,4,4,320.0,7
2025.0,13,13,1030.0,25
2026.0,1,1,80.0,2
2027.0,2,2,150.0,3
2028.0,3,3,235.0,5
2029.0,4,4,290.0,4
2030.0,2,2,160.0,4
2031.0,4,4,265.0,12
2032.0,3,3,205.0,9
2033.0,3,3,220.0,5
2034.0,7,7,522.0,7
2035.0,2,2,150.0,2
2036.0,1,1,75.0,1
2037.0,1,1,75.0,1
2038.0,1,1,75.0,1
2039.0,2,2,150.0,2
2040.0,1,1,65.0,3
2041.0,1,1,75.0,1
2042.0,4,4,290.0,8
2043.0,4,4,295.0,4
2044.0,12,12,875.0,12
2045.0,2,2,150.0,4
2046.0,4,4,290.0,8
2047.0,11,12,810.0,11
2048.0,3,3,225.0,9
2049.0,1,1,75.0,1
2050.0,5,5,365.0,5
2051.0,5,5,365.0,6
2052.0,5,5,375.0,6
2053.0,5,5,400.0,10
2054.0,2,2,145.0,2
2055.0,5,5,385.0,7
2056.0,2,2,150.0,4
2057.0,2,2,150.0,2
2058.0,6,6,435.0,8
2059.0,1,1,70.0,1
2060.0,3,3,225.0,4
2061.0,9,20,715.0,9
2062.0,1,1,75.0,2
2063.0,2,2,150.0,3
2064.0,3,3,210.0,3
2065.0,3,3,225.0,3
2066.0,1,1,75.0,1
2067.0,1,1,80.0,2
2068.0,5,5,370.0,8
2069.0,1,1,75.0,2
2070.0,3,3,220.0,3
2071.0,1,1,75.0,1
2072.0,2,2,150.0,2
2073.0,2,2,155.0,2
2074.0,3,3,220.0,3
2075.0,1,1,80.0,2
2076.0,1,1,80.0,2
2077.0,1,1,75.0,1
2079.0,1,1,80.0,2
2080.0,3,3,230.0,6
2081.0,4,4,275.0,4
2082.0,1,1,75.0,1
2084.0,1,1,75.0,1
2086.0,3,3,195.0,9
2087.0,1,1,75.0,1
2089.0,1,1,70.0,1
2090.0,1,1,75.0,1
2091.0,1,1,70.0,1
2092.0,1,1,65.0,3
2093.0,1,1,75.0,1
2094.0,4,4,270.0,12
2095.0,2,6,130.0,2
2096.0,1,1,80.0,2
2097.0,8,8,555.0,18
2098.0,3,3,195.0,9
2099.0,1,1,70.0,1
2100.0,1,1,70.0,1
2101.0,2,2,150.0,2
2102.0,1,1,65.0,3
2103.0,4,4,300.0,5
2104.0,5,5,350.0,5
2105.0,2,2,150.0,2
2106.0,4,4,300.0,6
2107.0,1,1,75.0,1
2108.0,4,4,280.0,12
2109.0,5,5,370.0,5
2110.0,1,1,65.0,1
2111.0,2,2,150.0,2
2112.0,4,4,300.0,5
2113.0,1,1,75.0,1
2114.0,2,2,150.0,2
2115.0,9,9,605.0,27
2116.0,3,3,225.0,3
2117.0,3,3,210.0,3
2118.0,4,4,300.0,4
2119.0,1,1,70.0,1
2120.0,1,1,75.0,1
2121.0,1,1,75.0,1
2122.0,1,1,70.0,1
2123.0,6,6,440.0,6
2124.0,6,6,430.0,8
2125.0,2,2,150.0,2
2126.0,1,1,80.0,2
2127.0,4,4,290.0,10
2128.0,6,6,480.0,12
2129.0,1,1,70.0,1
2130.0,3,3,225.0,3
2131.0,4,4,305.0,7
2132.0,1,1,65.0,1
2133.0,4,4,300.0,8
2134.0,2,2,150.0,2
2135.0,3,3,215.0,3
2136.0,1,1,70.0,1
2137.0,4,4,305.0,5
2138.0,1,1,65.0,3
2139.0,2,2,155.0,3
2140.0,5,5,360.0,5
2141.0,3,3,225.0,4
2142.0,1,1,65.0,3
2143.0,2,2,145.0,2
2144.0,2,2,150.0,2
2145.0,5,5,375.0,8
2146.0,3,3,225.0,3
2147.0,1,1,75.0,1
2148.0,1,1,75.0,1
2149.0,5,5,335.0,15
2150.0,2,2,150.0,3
2151.0,1,1,65.0,1
2152.0,2,2,140.0,2
2153.0,2,2,145.0,2
2154.0,10,10,755.0,12
2155.0,2,2,140.0,2
2156.0,1,1,70.0,1
2157.0,2,2,150.0,2
2158.0,1,1,40.0,2
2159.0,3,3,225.0,4
2160.0,2,2,145.0,3
2161.0,3,3,175.0,3
2162.0,2,2,149.0,2
2163.0,2,2,155.0,3
2164.0,4,4,300.0,4
2165.0,4,4,300.0,4
2166.0,2,2,150.0,3
2167.0,2,2,160.0,4
2168.0,5,5,365.0,6
2169.0,1,1,230.0,1
2170.0,1,1,75.0,1
2171.0,1,1,75.0,1
2172.0,4,4,305.0,5
2173.0,2,2,150.0,2
2174.0,1,1,75.0,1
2175.0,3,3,225.0,3
2176.0,3,3,200.0,5
2177.0,4,4,265.0,10
2178.0,1,1,75.0,1
2179.0,7,7,495.0,8
2180.0,2,2,120.0,4
2181.0,1,1,75.0,2
2182.0,1,1,75.0,1
2183.0,2,2,150.0,2
2184.0,6,6,435.0,7
2185.0,2,2,140.0,2
2186.0,1,1,75.0,1
2187.0,3,3,200.0,9
2188.0,1,1,75.0,1
2189.0,9,11,600.0,23
2190.0,5,5,370.0,6
2191.0,1,1,70.0,1
2192.0,1,1,75.0,2
2193.0,1,1,75.0,3
2194.0,1,1,75.0,2
2195.0,1,1,80.0,2
2196.0,3,3,210.0,3
2197.0,3,3,220.0,3
2198.0,1,1,75.0,1
2199.0,3,3,225.0,6
2200.0,2,2,130.0,2
2201.0,1,1,75.0,1
2202.0,1,2,75.0,2
2203.0,2,2,135.0,6
2204.0,1,1,75.0,2
2205.0,4,4,295.0,4
2206.0,5,5,350.0,5
2207.0,2,2,155.0,4
2208.0,1,1,75.0,1
2209.0,5,5,370.0,5
2210.0,1,1,75.0,1
2211.0,6,6,415.0,6
2212.0,1,1,200.0,2
2213.0,2,2,140.0,2
2214.0,1,1,75.0,1
2215.0,3,3,220.0,3
2216.0,1,1,65.0,1
2217.0,1,1,75.0,1
2218.0,6,8,430.0,6
2219.0,4,4,280.0,4
2220.0,1,1,75.0,1
2221.0,6,6,580.0,10
2222.0,1,1,75.0,1
2223.0,5,5,375.0,8
2224.0,2,2,140.0,4
2225.0,3,3,210.0,3
2226.0,3,3,225.0,3
2228.0,2,2,150.0,2
2229.0,1,1,70.0,1
2230.0,5,6,375.0,6
2231.0,8,8,605.0,14
2232.0,3,3,180.0,6
2233.0,6,6,460.0,10
2234.0,3,3,225.0,3
2235.0,1,1,70.0,1
2236.0,1,1,65.0,3
2237.0,1,1,75.0,1
2238.0,5,5,350.0,5
2239.0,1,1,75.0,1
2240.0,2,2,145.0,2
2241.0,2,2,145.0,3
2242.0,2,2,140.0,2
2243.0,1,1,75.0,1
2244.0,1,1,75.0,1
2245.0,1,1,70.0,1
2246.0,1,1,65.0,3
2247.0,4,4,280.0,4
2248.0,5,6,370.0,5
2249.0,2,2,145.0,2
2250.0,2,2,140.0,2
2251.0,2,2,150.0,2
2252.0,2,2,150.0,2
2253.0,1,1,65.0,3
2254.0,1,1,65.0,3
2255.0,4,4,290.0,10
2256.0,2,2,150.0,2
2257.0,4,4,280.0,4
2258.0,3,3,225.0,4
2260.0,1,1,65.0,1
2261.0,1,47,60.0,1
2262.0,1,1,75.0,1
2263.0,1,1,75.0,1
2264.0,1,1,75.0,2
2265.0,11,11,740.0,33
2266.0,1,1,65.0,3
2267.0,3,3,200.0,9
2268.0,3,3,200.0,9
2269.0,4,4,240.0,5
2270.0,6,12,395.0,6
2271.0,2,2,160.0,4
2272.0,2,3,145.0,2
2273.0,2,2,150.0,2
2274.0,2,2,140.0,2
2275.0,1,1,70.0,1
2276.0,1,1,75.0,1
2277.0,2,2,145.0,5
2278.0,5,10,337.0,5
2279.0,4,4,285.0,4
2280.0,1,1,75.0,1
2281.0,1,1,80.0,2
2282.0,1,1,70.0,1
2283.0,3,3,210.0,3
2284.0,6,6,460.0,8
2285.0,5,5,369.0,5
2286.0,1,1,75.0,1
2287.0,2,2,155.0,4
2288.0,2,2,145.0,2
2289.0,4,4,290.0,4
2290.0,5,5,365.0,7
2291.0,1,1,75.0,1
2292.0,2,2,150.0,2
2293.0,2,2,130.0,6
2294.0,1,1,70.0,2
2295.0,7,7,520.0,7
2296.0,5,5,390.0,8
2297.0,4,4,300.0,8
2298.0,1,1,80.0,2
2299.0,1,1,75.0,1
2300.0,3,3,225.0,4
2302.0,7,7,530.0,9
2303.0,5,5,375.0,5
2304.0,5,5,370.0,5
2305.0,1,1,75.0,1
2306.0,1,1,80.0,2
2307.0,5,5,380.0,9
2308.0,3,3,205.0,9
2309.0,2,2,130.0,6
2310.0,3,3,225.0,6
2311.0,1,1,80.0,2
2312.0,1,1,70.0,1
2313.0,3,3,235.0,6
2314.0,1,1,70.0,2
2315.0,3,3,210.0,3
2316.0,9,9,720.0,17
2317.0,1,1,65.0,3
2318.0,4,4,285.0,5
2319.0,1,1,75.0,1
2320.0,2,2,140.0,4
2321.0,6,6,440.0,10
2322.0,1,1,75.0,2
2323.0,2,2,150.0,2
2324.0,1,1,75.0,1
2325.0,3,3,190.0,6
2327.0,1,1,70.0,1
2328.0,3,3,235.0,6
2329.0,1,1,70.0,1
2330.0,2,3,128.0,2
2331.0,4,4,300.0,4
2332.0,2,2,145.0,2
2333.0,1,1,80.0,2
2334.0,3,3,240.0,6
2335.0,1,1,75.0,1
2336.0,2,2,150.0,2
2337.0,7,7,495.0,7
2338.0,4,4,320.0,8
2339.0,1,1,65.0,1
2340.0,3,4,225.0,5
2341.0,4,4,285.0,4
2342.0,6,6,465.0,9
2343.0,3,3,205.0,9
2344.0,3,3,240.0,6
2345.0,1,1,70.0,1
2346.0,3,3,220.0,3
2347.0,1,1,75.0,1
2348.0,7,7,510.0,7
2349.0,2,2,145.0,3
2350.0,5,5,375.0,5
2351.0,9,9,715.0,18
2352.0,2,2,140.0,6
2353.0,6,6,445.0,7
2354.0,6,6,435.0,7
2355.0,5,5,400.0,10
2356.0,2,2,150.0,2
2357.0,6,6,430.0,6
2358.0,6,6,450.0,7
2359.0,4,4,300.0,4
2360.0,1,1,75.0,1
2361.0,3,3,200.0,9
2362.0,8,8,590.0,8
2363.0,1,1,70.0,1
2364.0,2,2,150.0,3
2365.0,5,5,350.0,5
2366.0,3,3,215.0,3
2367.0,1,1,70.0,1
2368.0,1,1,70.0,1
2369.0,1,1,70.0,1
2370.0,3,3,220.0,3
2371.0,1,1,74.0,1
2372.0,1,1,65.0,3
2373.0,3,3,200.0,9
2374.0,3,3,215.0,3
2375.0,3,3,220.0,3
2376.0,1,1,80.0,2
2377.0,1,1,75.0,3
2378.0,1,1,70.0,1
2379.0,22,24,1755.0,26
2380.0,1,1,75.0,1
2381.0,1,1,70.0,1
2382.0,2,2,135.0,6
2383.0,3,3,220.0,3
2384.0,5,5,390.0,8
2385.0,6,6,440.0,6
2386.0,2,2,145.0,2
2387.0,3,3,230.0,4
2388.0,1,1,75.0,1
2389.0,1,1,75.0,1
2390.0,1,1,65.0,4
2391.0,7,7,560.0,14
2392.0,3,3,200.0,9
2393.0,3,3,225.0,3
2394.0,1,1,70.0,1
2395.0,1,1,75.0,2
2396.0,1,1,75.0,1
2397.0,5,5,370.0,5
2398.0,1,1,70.0,1
2399.0,1,1,65.0,1
2400.0,1,1,75.0,1
2401.0,3,3,225.0,4
2402.0,6,6,445.0,7
2403.0,2,2,150.0,2
2404.0,5,6,350.0,5
2405.0,1,1,70.0,1
2406.0,1,1,75.0,1
2407.0,2,2,160.0,4
2408.0,1,1,65.0,1
2409.0,1,1,70.0,1
2410.0,3,3,225.0,3
2411.0,1,1,75.0,1
2412.0,2,2,140.0,2
2413.0,3,3,230.0,9
2414.0,2,2,150.0,2
2415.0,1,1,75.0,1
2416.0,1,1,70.0,1
2418.0,1,2,64.0,1
2419.0,1,1,70.0,1
2420.0,2,2,135.0,6
2421.0,1,1,70.0,1
2422.0,1,1,70.0,1
2424.0,2,2,150.0,2
2425.0,1,1,80.0,2
2426.0,2,2,150.0,3
2427.0,2,2,75.0,2
2428.0,1,1,75.0,1
2429.0,1,1,65.0,3
2430.0,7,7,465.0,12
2431.0,1,1,70.0,1
2432.0,1,1,75.0,5
2433.0,1,1,80.0,2
2434.0,1,1,75.0,1
2435.0,1,1,65.0,1
2436.0,1,1,70.0,3
2437.0,1,1,65.0,3
2438.0,1,1,75.0,1
2439.0,7,11,560.0,14
2440.0,2,2,135.0,4
2441.0,5,5,375.0,5
2442.0,1,1,65.0,3
2443.0,2,2,140.0,2
2444.0,3,3,220.0,3
2445.0,2,2,145.0,2
2446.0,3,3,200.0,9
2447.0,6,6,460.0,11
2448.0,1,1,75.0,2
2449.0,7,7,495.0,12
2450.0,4,4,295.0,6
2451.0,1,1,65.0,3
2452.0,1,1,75.0,1
2453.0,2,2,140.0,2
2454.0,2,2,140.0,2
2455.0,1,1,75.0,2
2456.0,1,1,75.0,1
2457.0,1,1,75.0,1
2458.0,5,5,375.0,5
2459.0,3,3,225.0,3
2460.0,2,2,150.0,6
2461.0,5,5,360.0,5
2462.0,1,1,75.0,2
2463.0,1,1,20.0,2
2464.0,1,1,80.0,2
2465.0,1,1,80.0,2
2466.0,2,2,150.0,3
2467.0,1,1,75.0,2
2468.0,1,1,75.0,1
2469.0,1,1,75.0,2
2470.0,1,1,70.0,1
2471.0,1,1,80.0,2
2472.0,2,2,150.0,2
2473.0,1,1,75.0,1
2474.0,1,1,75.0,1
2475.0,1,1,70.0,1
2476.0,4,4,300.0,5
2477.0,1,1,70.0,1
2478.0,2,2,150.0,6
2479.0,2,2,155.0,3
2480.0,2,2,155.0,3
2481.0,1,1,70.0,1
2482.0,6,6,460.0,9
2483.0,7,7,525.0,10
2484.0,1,1,70.0,1
2485.0,3,3,220.0,3
2486.0,5,5,365.0,5
2487.0,1,1,170.0,1
2488.0,1,1,70.0,1
2489.0,4,4,260.0,6
2490.0,4,4,300.0,4
2491.0,1,1,70.0,1
2492.0,1,1,65.0,3
2493.0,1,1,80.0,2
2494.0,4,4,310.0,8
2495.0,6,6,455.0,8
2496.0,4,4,295.0,4
2497.0,1,1,75.0,1
2498.0,1,1,65.0,3
2499.0,2,2,155.0,4
2500.0,1,1,70.0,1
2501.0,6,6,425.0,6
2502.0,2,2,140.0,4
2503.0,5,5,385.0,7
2504.0,2,2,155.0,4
2505.0,2,2,150.0,2
2506.0,3,3,205.0,7
2507.0,5,5,365.0,7
2508.0,1,1,65.0,1
2509.0,2,2,135.0,6
2510.0,3,3,220.0,4
2511.0,3,3,230.0,4
2512.0,1,1,75.0,2
2513.0,2,2,150.0,3
2514.0,3,3,230.0,4
2515.0,3,3,230.0,4
2516.0,1,1,75.0,1
2517.0,1,1,70.0,1
2518.0,1,1,65.0,3
2519.0,1,1,70.0,1
2520.0,3,3,215.0,3
2521.0,2,2,160.0,4
2522.0,3,3,225.0,5
2523.0,1,1,65.0,1
2524.0,4,20,240.0,4
2525.0,6,6,440.0,6
2526.0,1,1,75.0,1
2527.0,1,1,75.0,1
2528.0,1,1,80.0,2
2529.0,4,4,280.0,4
2530.0,1,1,70.0,1
2531.0,1,1,70.0,1
2532.0,3,3,225.0,5
2533.0,2,2,150.0,3
2534.0,1,1,75.0,1
2535.0,1,1,70.0,1
2536.0,1,1,75.0,1
2537.0,2,2,135.0,6
2538.0,2,2,155.0,4
2539.0,2,2,150.0,2
2540.0,4,4,290.0,7
2541.0,3,3,200.0,7
2542.0,2,2,155.0,3
2543.0,4,4,295.0,4
2544.0,6,6,435.0,6
2545.0,1,1,70.0,1
2546.0,2,2,150.0,2
2547.0,1,1,75.0,2
2548.0,1,1,75.0,1
2549.0,2,2,140.0,2
2550.0,2,2,145.0,2
2551.0,1,1,60.0,1
2552.0,1,1,75.0,1
2553.0,3,3,210.0,4
2554.0,4,5,290.0,4
2555.0,1,1,65.0,3
2556.0,4,4,305.0,5
2557.0,2,2,150.0,2
2558.0,4,4,280.0,4
2559.0,2,3,130.0,4
2560.0,1,1,80.0,2
2561.0,1,1,75.0,1
2562.0,5,5,385.0,8
2563.0,1,1,70.0,1
2564.0,1,1,70.0,1
2565.0,3,3,224.0,3
2566.0,2,2,150.0,2
2567.0,1,1,65.0,3
2568.0,1,1,75.0,1
2569.0,1,1,70.0,1
2570.0,1,1,70.0,1
2571.0,1,1,230.0,2
2572.0,1,1,75.0,1
2573.0,1,1,75.0,1
2574.0,3,3,225.0,3
2575.0,1,1,70.0,1
2576.0,8,8,605.0,8
2577.0,3,3,220.0,3
2578.0,6,6,475.0,12
2579.0,1,1,75.0,1
2580.0,1,1,75.0,2
2581.0,1,1,70.0,1
2582.0,3,3,220.0,3
2583.0,3,3,240.0,6
2584.0,1,1,65.0,3
2585.0,4,4,300.0,4
2586.0,1,1,65.0,3
2587.0,1,1,70.0,1
2588.0,2,2,140.0,2
2589.0,7,7,470.0,21
2590.0,1,1,75.0,2
2591.0,2,2,145.0,4
2592.0,1,1,75.0,1
2593.0,3,3,220.0,3
2594.0,2,2,150.0,2
2595.0,6,6,435.0,6
2596.0,1,1,70.0,1
2597.0,1,1,75.0,3
2598.0,1,1,70.0,1
2599.0,2,2,150.0,3
2600.0,5,5,350.0,9
2601.0,4,4,285.0,4
2602.0,1,1,65.0,1
2603.0,3,3,240.0,6
2604.0,1,1,70.0,1
2605.0,2,2,145.0,2
2606.0,2,2,160.0,4
2607.0,1,1,75.0,1
2608.0,1,1,75.0,3
2609.0,6,6,445.0,8
2610.0,1,1,70.0,1
2611.0,2,2,150.0,2
2612.0,4,4,295.0,4
2613.0,3,3,215.0,3
2614.0,1,1,70.0,1
2615.0,1,1,75.0,2
2616.0,1,1,75.0,1
2617.0,3,3,220.0,3
2618.0,3,3,215.0,3
2619.0,1,1,65.0,3
2620.0,1,1,75.0,1
2621.0,1,1,80.0,2
2622.0,1,1,75.0,1
2623.0,3,3,210.0,3
2624.0,2,2,145.0,2
2625.0,1,1,70.0,1
2626.0,1,1,75.0,1
2627.0,2,2,150.0,2
2628.0,1,1,75.0,1
2629.0,3,3,225.0,3
2630.0,1,1,70.0,1
2631.0,5,5,370.0,5
2632.0,1,1,70.0,1
2633.0,1,1,75.0,1
2634.0,1,1,75.0,1
2635.0,5,5,355.0,5
2636.0,3,3,210.0,5
2637.0,2,2,145.0,3
2638.0,1,1,70.0,1
2639.0,1,2,70.0,1
2640.0,1,1,65.0,3
2641.0,1,1,75.0,1
2642.0,3,3,225.0,3
2643.0,1,1,75.0,1
2644.0,1,1,70.0,2
2645.0,5,5,370.0,5
2646.0,1,1,75.0,3
2647.0,4,4,300.0,4
2648.0,1,1,70.0,1
2649.0,6,6,465.0,10
2650.0,1,1,70.0,1
2651.0,1,1,70.0,1
2652.0,1,1,70.0,1
2653.0,1,1,75.0,1
2654.0,3,3,215.0,8
2655.0,1,1,80.0,2
2656.0,3,3,225.0,3
2657.0,1,1,70.0,1
2659.0,2,2,135.0,6
2660.0,1,1,70.0,1
2661.0,4,4,270.0,12
2662.0,1,1,70.0,1
2663.0,3,3,200.0,9
2664.0,3,3,235.0,6
2665.0,2,2,140.0,4
2666.0,3,3,220.0,3
2667.0,3,3,215.0,3
2668.0,3,3,200.0,9
2669.0,1,1,70.0,1
2670.0,1,1,70.0,1
2671.0,2,2,140.0,2
2672.0,1,1,70.0,1
2673.0,1,1,65.0,3
2674.0,1,1,75.0,1
2675.0,2,2,145.0,2
2676.0,1,1,65.0,3
2677.0,2,2,145.0,2
2678.0,1,1,70.0,1
2679.0,2,2,145.0,2
2680.0,1,1,75.0,1
2681.0,3,3,210.0,3
2682.0,4,4,290.0,6
2683.0,2,2,160.0,4
2684.0,4,4,295.0,4
2685.0,6,6,445.0,6
2686.0,2,2,140.0,2
2687.0,1,1,65.0,1
2688.0,2,2,135.0,6
2689.0,2,2,140.0,2
2690.0,1,1,70.0,1
2691.0,1,1,70.0,1
2692.0,2,2,150.0,4
2693.0,3,3,235.0,5
2694.0,1,1,75.0,1
2695.0,3,3,220.0,3
2696.0,4,4,280.0,4
2697.0,3,3,215.0,3
2698.0,1,1,70.0,1
2699.0,3,4,225.0,3
2700.0,1,1,75.0,1
2701.0,3,3,220.0,3
2702.0,1,1,75.0,1
2703.0,4,4,260.0,12
2704.0,3,3,200.0,9
2705.0,1,1,65.0,3
2706.0,3,3,210.0,9
2707.0,6,7,425.0,10
2708.0,7,7,525.0,7
2709.0,1,1,70.0,1
2710.0,5,5,375.0,5
2711.0,2,2,145.0,2
2713.0,1,1,70.0,1
2714.0,1,1,65.0,1
2715.0,3,6,215.0,3
2716.0,3,3,225.0,3
2717.0,1,1,65.0,3
2718.0,5,5,380.0,8
2719.0,3,5,230.0,6
2720.0,1,1,75.0,1
2721.0,1,1,75.0,2
2723.0,1,1,75.0,1
2725.0,3,3,225.0,3
2726.0,1,1,65.0,1
2727.0,2,2,155.0,3
2728.0,1,1,70.0,1
2730.0,3,3,225.0,8
2731.0,6,6,450.0,7
2732.0,3,3,220.0,3
2733.0,6,8,420.0,6
2734.0,2,2,150.0,6
2735.0,1,1,70.0,1
2736.0,2,2,145.0,2
2737.0,4,4,295.0,4
2738.0,1,2,75.0,2
2739.0,1,1,75.0,1
2740.0,2,2,140.0,2
2741.0,4,4,295.0,4
2742.0,2,2,145.0,2
2743.0,2,2,155.0,4
2744.0,3,3,215.0,3
2745.0,1,1,70.0,1
2747.0,1,1,70.0,1
2748.0,3,4,210.0,3
2749.0,1,1,75.0,1
2750.0,1,1,80.0,2
2751.0,4,4,290.0,4
2752.0,1,1,75.0,3
2753.0,4,4,295.0,4
2754.0,2,2,145.0,2
2755.0,1,1,80.0,2
2756.0,1,1,70.0,1
2757.0,2,2,160.0,4
2758.0,1,1,75.0,1
2759.0,1,1,70.0,1
2760.0,3,3,215.0,3
2761.0,1,1,75.0,2
2762.0,3,3,220.0,3
2763.0,1,1,70.0,1
2764.0,3,4,210.0,4
2765.0,5,5,370.0,5
2766.0,1,1,70.0,3
2767.0,1,1,70.0,1
2768.0,3,3,215.0,3
2769.0,3,4,240.0,6
2770.0,3,3,205.0,9
2771.0,3,3,230.0,6
2772.0,3,3,220.0,3
2773.0,2,2,130.0,6
2774.0,1,1,65.0,3
2775.0,1,1,75.0,1
2776.0,1,1,75.0,2
2777.0,2,2,150.0,2
2778.0,1,1,75.0,1
2780.0,5,5,380.0,6
2781.0,3,4,212.5,3
2782.0,3,3,220.0,3
2783.0,1,1,75.0,1
2784.0,1,1,65.0,3
2785.0,1,1,70.0,1
2786.0,2,2,140.0,2
2787.0,1,1,65.0,1
2788.0,5,5,370.0,5
2789.0,2,2,130.0,6
2790.0,1,1,70.0,1
2791.0,1,1,75.0,2
2792.0,2,2,155.0,3
2793.0,5,5,370.0,5
2794.0,1,1,70.0,1
2795.0,3,3,225.0,3
2796.0,3,3,195.0,3
2797.0,1,1,70.0,1
2798.0,2,2,150.0,2
2799.0,1,1,75.0,1
2800.0,2,2,140.0,2
2801.0,1,1,70.0,1
2802.0,4,4,285.0,5
2803.0,3,3,220.0,3
2804.0,2,2,160.0,5
2805.0,3,3,210.0,8
2806.0,1,1,75.0,2
2807.0,5,5,385.0,7
2808.0,1,1,75.0,1
2809.0,3,3,225.0,3
2810.0,1,1,75.0,1
2811.0,1,1,70.0,1
2812.0,1,1,65.0,3
2813.0,3,3,225.0,3
2814.0,3,3,215.0,3
2815.0,1,1,75.0,1
2816.0,4,4,290.0,4
2817.0,1,1,75.0,1
2818.0,3,3,225.0,3
2819.0,4,4,270.0,12
2820.0,4,4,300.0,4
2821.0,1,1,75.0,1
2822.0,1,1,70.0,1
2823.0,1,1,70.0,1
2824.0,1,1,70.0,1
2825.0,1,1,75.0,2
2826.0,4,4,300.0,4
2827.0,4,4,305.0,7
2828.0,1,1,70.0,1
2829.0,6,6,445.0,6
2830.0,2,2,155.0,4
2831.0,2,2,145.0,2
2832.0,1,1,75.0,2
2833.0,1,1,70.0,1
2834.0,1,1,75.0,1
2835.0,2,2,155.0,3
2836.0,5,5,370.0,5
2837.0,1,1,75.0,1
2839.0,2,2,145.0,6
2840.0,1,1,70.0,1
2841.0,1,1,70.0,1
2842.0,1,1,70.0,1
2843.0,1,1,70.0,1
2844.0,1,1,70.0,1
2845.0,3,3,225.0,4
2847.0,1,1,75.0,1
2848.0,3,3,215.0,3
2849.0,1,1,70.0,1
2850.0,1,1,65.0,3
2851.0,2,2,140.0,2
2852.0,1,1,75.0,1
2853.0,1,1,70.0,1
2855.0,6,6,455.0,7
2856.0,2,2,150.0,2
2857.0,1,1,70.0,1
2858.0,2,2,140.0,2
2859.0,1,1,70.0,1
2860.0,4,4,320.0,8
2861.0,1,1,70.0,1
2862.0,1,1,70.0,1
2863.0,1,1,70.0,2
2864.0,3,3,235.0,5
2865.0,1,1,70.0,1
2866.0,3,5,225.0,5
2867.0,1,1,75.0,1
2868.0,2,2,145.0,2
2869.0,1,1,75.0,1
2870.0,1,1,80.0,2
2871.0,2,2,140.0,2
2872.0,1,1,70.0,1
2873.0,4,4,275.0,10
2874.0,1,1,70.0,1
2876.0,5,5,375.0,5
2877.0,1,1,75.0,1
2878.0,3,3,220.0,3
2879.0,2,2,155.0,3
2880.0,3,3,215.0,3
2882.0,5,5,350.0,13
2883.0,4,4,295.0,4
2884.0,2,2,135.0,6
2885.0,7,8,515.0,7
2886.0,1,1,70.0,1
2887.0,1,1,70.0,1
2888.0,1,1,70.0,1
2889.0,1,1,75.0,2
2890.0,1,1,75.0,2
2891.0,4,4,285.0,4
2892.0,1,1,70.0,2
2893.0,1,1,70.0,1
2894.0,2,2,150.0,2
2895.0,1,1,70.0,2
2896.0,2,2,145.0,2
2897.0,1,1,70.0,2
2898.0,3,3,215.0,3
2899.0,1,1,75.0,2
2900.0,2,2,155.0,4
2901.0,1,1,70.0,1
2902.0,3,3,215.0,5
2903.0,5,5,365.0,5
2904.0,1,1,70.0,1
2905.0,1,1,70.0,1
2906.0,1,1,75.0,2
2908.0,2,2,140.0,4
2909.0,1,1,70.0,1
2910.0,1,1,70.0,2
2911.0,1,1,75.0,1
2912.0,2,2,130.0,6
2913.0,6,6,455.0,12
2914.0,2,4,150.0,2
2915.0,2,2,150.0,2
2917.0,1,1,75.0,2
2918.0,3,3,215.0,3
2919.0,1,1,70.0,1
2920.0,4,4,298.0,4
2921.0,1,1,65.0,3
2922.0,1,1,80.0,2
2923.0,1,1,70.0,1
2924.0,2,2,145.0,2
2925.0,1,1,70.0,1
2926.0,4,4,300.0,5
2927.0,1,1,75.0,1
2928.0,3,3,220.0,3
2929.0,4,4,300.0,4
2930.0,1,1,70.0,1
2931.0,1,1,75.0,1
2932.0,2,2,145.0,2
2933.0,1,1,75.0,1
2934.0,2,2,150.0,2
2935.0,2,2,150.0,2
2936.0,1,2,75.0,1
2937.0,1,1,75.0,1
2938.0,1,1,75.0,2
2939.0,4,5,300.0,4
2940.0,3,3,215.0,3
2941.0,1,1,75.0,2
2942.0,1,1,70.0,1
2943.0,1,1,70.0,1
2944.0,5,5,350.0,5
2945.0,2,2,150.0,2
2946.0,1,1,70.0,1
2947.0,1,1,75.0,1
2948.0,3,3,230.0,3
2949.0,1,1,70.0,1
2950.0,4,4,295.0,4
2951.0,1,1,70.0,1
2953.0,4,4,290.0,5
2954.0,2,2,155.0,4
2955.0,1,1,75.0,2
2956.0,1,1,75.0,2
2957.0,1,1,65.0,3
2958.0,1,1,70.0,1
2959.0,3,3,195.0,9
2960.0,3,3,225.0,3
2961.0,3,3,225.0,3
2962.0,1,1,70.0,1
2963.0,3,3,230.0,5
2964.0,1,1,75.0,1
2965.0,2,2,155.0,4
2966.0,1,1,75.0,2
2967.0,1,1,75.0,1
2968.0,1,1,70.0,1
2969.0,1,1,75.0,1
2970.0,3,3,227.0,3
2971.0,1,1,75.0,1
2972.0,2,2,150.0,2
2973.0,2,2,150.0,3
2974.0,2,2,145.0,2
2975.0,2,2,140.0,2
2976.0,1,1,75.0,1
2977.0,1,1,74.0,1
2978.0,1,1,75.0,1
2979.0,2,2,135.0,2
2980.0,1,2,70.0,1
2981.0,1,1,80.0,1
2982.0,4,4,295.0,8
2983.0,1,1,80.0,1
2984.0,1,1,75.0,1
2985.0,3,3,230.0,3
2986.0,1,1,75.0,1
2987.0,1,1,80.0,2
2988.0,1,1,80.0,1
2989.0,1,1,80.0,2
2991.0,1,1,80.0,2
2992.0,7,8,520.0,7
2993.0,1,1,65.0,3
2994.0,1,1,70.0,1
2996.0,1,1,80.0,1
2997.0,2,2,150.0,6
2998.0,1,1,80.0,2
2999.0,1,1,80.0,3
3000.0,1,1,75.0,1
3001.0,1,1,75.0,1
3002.0,1,1,75.0,1
3003.0,1,1,75.0,1
3004.0,2,2,150.0,2
3005.0,2,2,155.0,4
3006.0,6,6,425.0,7
3007.0,7,7,480.0,21
3008.0,1,1,80.0,2
3009.0,3,3,225.0,3
3010.0,1,1,70.0,1
3011.0,1,1,75.0,1
3012.0,2,2,135.0,6
3013.0,1,1,65.0,3
3014.0,1,1,80.0,2
3015.0,1,1,75.0,2
3016.0,1,1,75.0,1
3017.0,4,4,305.0,5
3018.0,1,1,70.0,1
3019.0,5,5,380.0,6
3020.0,1,1,75.0,1
3021.0,2,2,150.0,3
3022.0,4,4,300.0,4
3023.0,1,1,75.0,2
3024.0,3,3,205.0,7
3025.0,2,2,145.0,2
3026.0,1,1,74.0,1
3027.0,1,1,80.0,2
3028.0,2,2,130.0,4
3029.0,3,3,225.0,6
3030.0,1,1,80.0,1
3031.0,2,2,150.0,2
3032.0,1,1,75.0,1
3033.0,1,1,75.0,1
3034.0,2,2,150.0,4
3035.0,3,3,225.0,3
3036.0,1,1,75.0,1
3037.0,1,1,80.0,1
3038.0,4,5,294.0,4
3039.0,3,6,210.0,3
3040.0,4,4,260.0,12
3041.0,4,4,300.0,4
3042.0,2,2,150.0,2
3043.0,1,1,70.0,1
3044.0,1,1,75.0,1
3045.0,1,1,70.0,1
3046.0,1,1,65.0,3
3047.0,6,6,470.0,12
3048.0,1,1,75.0,1
3049.0,1,1,65.0,3
3050.0,1,1,75.0,1
3051.0,1,1,75.0,1
3052.0,1,1,80.0,2
3053.0,4,4,305.0,8
3054.0,1,1,75.0,1
3055.0,6,7,445.0,6
3056.0,3,3,195.0,9
3057.0,1,1,65.0,3
3058.0,1,1,80.0,1
3059.0,1,1,80.0,2
3060.0,1,1,80.0,1
3061.0,1,1,75.0,1
3062.0,1,1,80.0,2
3063.0,3,3,225.0,3
3064.0,1,1,80.0,1
3065.0,1,1,63.0,1
3066.0,2,2,140.0,5
3067.0,1,1,75.0,1
3068.0,2,2,155.0,3
3069.0,1,1,65.0,2
3070.0,3,3,230.0,3
3071.0,3,3,215.0,3
3072.0,2,2,160.0,4
3074.0,3,3,205.0,9
3075.0,2,2,140.0,2
3076.0,2,2,150.0,2
3077.0,1,1,75.0,1
3078.0,1,1,75.0,1
3079.0,2,2,135.0,6
3080.0,1,1,70.0,1
3081.0,2,2,145.0,2
3082.0,3,3,225.0,5
3083.0,1,1,75.0,3
3084.0,2,2,158.0,4
3085.0,1,1,75.0,1
3086.0,2,2,155.0,6
3087.0,5,6,390.0,9
3088.0,1,1,75.0,2
3089.0,1,1,70.0,1
3090.0,2,2,150.0,2
3091.0,3,3,225.0,6
3092.0,2,2,135.0,6
3093.0,2,2,150.0,2
3094.0,3,3,220.0,3
3095.0,2,2,130.0,6
3096.0,3,3,230.0,3
3097.0,1,1,80.0,1
3098.0,1,1,80.0,1
3099.0,1,1,70.0,1
3100.0,2,2,155.0,2
3101.0,1,1,80.0,2
3102.0,1,1,80.0,2
3103.0,2,2,140.0,3
3104.0,1,1,75.0,1
3105.0,1,1,75.0,1
3106.0,2,2,140.0,2
3107.0,2,2,150.0,2
3108.0,2,2,155.0,2
3109.0,2,2,150.0,2
3110.0,3,3,225.0,3
3111.0,1,1,200.0,1
3112.0,4,4,295.0,4
3113.0,5,5,380.0,5
3114.0,1,1,80.0,2
3115.0,1,3,65.0,1
3116.0,1,1,75.0,1
3117.0,1,1,80.0,2
3118.0,1,1,80.0,2
3119.0,1,1,80.0,2
3120.0,1,1,75.0,1
3121.0,3,3,235.0,4
3122.0,5,5,380.0,7
3123.0,1,1,75.0,1
3124.0,1,1,65.0,3
3125.0,1,1,75.0,1
3126.0,2,2,160.0,4
3127.0,1,1,75.0,1
3128.0,1,1,65.0,1
3129.0,3,3,220.0,3
3130.0,4,4,280.0,4
3131.0,2,2,140.0,2
3132.0,2,2,145.0,2
3133.0,1,1,80.0,2
3134.0,6,6,455.0,6
3135.0,1,1,80.0,2
3136.0,3,3,220.0,3
3137.0,1,1,80.0,1
3138.0,1,1,80.0,1
3139.0,11,11,690.0,12
3140.0,1,1,35.0,2
3141.0,1,1,70.0,5
3142.0,3,3,205.0,9
3143.0,1,1,75.0,1
3144.0,3,3,235.0,3
3145.0,4,4,300.0,4
3147.0,5,5,390.0,8
3148.0,1,1,75.0,1
3149.0,3,3,225.0,3
3150.0,1,1,75.0,1
3151.0,1,1,65.0,1
3152.0,2,2,150.0,2
3153.0,1,1,75.0,1
3154.0,2,2,160.0,4
3155.0,2,2,135.0,6
3156.0,2,2,140.0,2
3157.0,1,1,80.0,1
3158.0,1,1,80.0,2
3159.0,2,2,155.0,2
3160.0,1,1,65.0,3
3161.0,6,6,445.0,6
3162.0,5,5,550.0,10
3163.0,6,6,450.0,7
3164.0,5,5,365.0,5
3165.0,4,4,290.0,4
3166.0,3,3,240.0,6
3167.0,1,1,70.0,1
3168.0,1,1,75.0,1
3169.0,1,1,75.0,2
3170.0,1,1,80.0,2
3171.0,1,1,75.0,1
3172.0,1,1,75.0,2
3173.0,5,5,390.0,10
3174.0,1,1,80.0,1
3175.0,1,1,65.0,3
3176.0,1,1,75.0,1
3177.0,2,2,150.0,2
3178.0,3,3,220.0,3
3179.0,2,2,160.0,4
3180.0,3,3,225.0,4
3181.0,5,5,370.0,5
3182.0,2,2,150.0,2
3183.0,3,3,210.0,3
3184.0,1,1,60.0,2
3185.0,1,1,75.0,3
3186.0,6,6,445.0,6
3187.0,2,2,275.0,2
3188.0,1,1,65.0,3
3189.0,1,1,70.0,1
3190.0,4,4,285.0,4
3191.0,4,4,280.0,4
3192.0,3,3,200.0,9
3193.0,1,1,75.0,1
3194.0,2,2,150.0,3
3195.0,2,2,150.0,2
3196.0,1,1,75.0,1
3197.0,1,1,75.0,1
3198.0,1,1,75.0,1
3199.0,4,4,300.0,4
3200.0,3,3,225.0,3
3201.0,3,3,225.0,3
3202.0,1,1,75.0,1
3203.0,4,4,300.0,4
3204.0,4,4,290.0,4
3205.0,3,3,225.0,3
3206.0,1,2,75.0,1
3207.0,1,1,70.0,1
3208.0,2,2,150.0,2
3209.0,3,3,215.0,3
3210.0,2,2,150.0,2
3211.0,4,4,295.0,4
3212.0,1,1,75.0,1
3213.0,4,4,295.0,4
3214.0,1,1,200.0,1
3215.0,1,1,70.0,1
3216.0,1,1,80.0,2
3217.0,3,3,210.0,3
3218.0,1,1,75.0,1
3219.0,2,2,135.0,6
3220.0,1,1,65.0,3
3221.0,3,3,240.0,6
3222.0,2,2,135.0,6
3223.0,1,1,70.0,1
3224.0,4,4,310.0,7
3225.0,2,2,145.0,2
3226.0,2,2,155.0,2
3227.0,1,5,65.0,1
3228.0,2,2,160.0,3
3229.0,1,1,75.0,1
3230.0,4,4,300.0,4
3231.0,1,1,80.0,2
3232.0,1,1,75.0,1
3233.0,5,5,370.0,5
3234.0,1,1,65.0,3
3235.0,1,1,75.0,1
3236.0,1,1,75.0,2
3238.0,3,3,225.0,3
3239.0,2,2,135.0,6
3240.0,6,6,450.0,6
3241.0,1,1,75.0,1
3242.0,3,3,220.0,3
3243.0,2,2,150.0,2
3244.0,3,3,210.0,3
3245.0,2,2,160.0,4
3246.0,4,4,305.0,5
3247.0,4,4,300.0,4
3248.0,2,2,135.0,2
3249.0,1,1,80.0,1
3250.0,3,3,225.0,3
3252.0,2,2,150.0,2
3253.0,1,1,75.0,1
3254.0,2,2,140.0,2
3255.0,3,3,225.0,3
3256.0,1,1,80.0,1
3257.0,2,2,140.0,2
3258.0,1,1,75.0,1
3259.0,1,1,75.0,1
3260.0,1,1,75.0,2
3261.0,5,5,360.0,15
3262.0,1,1,80.0,2
3263.0,1,1,75.0,1
3264.0,1,1,80.0,1
3265.0,3,3,210.0,3
3266.0,1,2,75.0,1
3267.0,1,1,75.0,1
3268.0,2,2,150.0,4
3269.0,1,1,80.0,2
3270.0,3,3,225.0,4
3271.0,1,1,70.0,1
3272.0,1,1,75.0,3
3273.0,2,2,160.0,2
3274.0,1,1,75.0,2
3276.0,1,1,65.0,3
3277.0,6,6,440.0,6
3278.0,1,1,75.0,1
3279.0,2,2,150.0,2
3280.0,1,1,75.0,1
3281.0,2,2,155.0,2
3282.0,3,3,205.0,9
3283.0,2,2,150.0,2
3284.0,1,1,75.0,2
3285.0,2,2,150.0,2
3286.0,2,2,160.0,4
3287.0,1,1,80.0,2
3288.0,1,1,75.0,1
3289.0,1,1,80.0,2
3290.0,1,1,75.0,1
3291.0,1,1,80.0,2
3292.0,1,1,75.0,1
3293.0,2,2,160.0,4
3294.0,1,1,75.0,1
3295.0,3,3,215.0,3
3296.0,1,1,80.0,2
3297.0,1,1,65.0,3
3298.0,1,1,75.0,2
3299.0,2,2,140.0,2
3300.0,5,5,365.0,5
3301.0,1,1,75.0,1
3302.0,1,1,80.0,2
3303.0,1,1,75.0,1
3304.0,4,4,300.0,4
3305.0,4,4,305.0,6
3306.0,1,1,75.0,1
3308.0,3,3,225.0,3
3309.0,1,1,70.0,1
3310.0,1,1,80.0,2
3311.0,4,4,298.0,4
3312.0,2,2,150.0,3
3313.0,4,4,310.0,7
3314.0,2,2,145.0,2
3315.0,3,3,240.0,6
3316.0,2,2,130.0,6
3317.0,1,1,75.0,1
3318.0,7,7,515.0,7
3319.0,2,2,150.0,3
3320.0,1,1,80.0,2
3321.0,1,1,75.0,1
3322.0,3,3,225.0,3
3323.0,1,1,70.0,1
3324.0,1,1,75.0,2
3325.0,1,2,70.0,1
3326.0,1,1,75.0,1
3327.0,1,1,75.0,1
3328.0,1,1,80.0,2
3330.0,1,1,80.0,2
3331.0,5,5,375.0,5
3332.0,1,1,75.0,1
3333.0,5,5,385.0,7
3334.0,1,1,75.0,1
3335.0,1,1,75.0,1
3337.0,5,5,380.0,6
3338.0,2,2,155.0,2
3339.0,2,2,155.0,3
3340.0,1,1,80.0,2
3341.0,2,2,145.0,2
3342.0,2,2,155.0,4
3343.0,2,2,145.0,2
3344.0,2,2,150.0,2
3345.0,3,3,225.0,3
3346.0,1,1,75.0,1
3347.0,1,1,75.0,1
3348.0,1,1,75.0,1
3349.0,1,1,75.0,1
3350.0,1,1,75.0,2
3351.0,2,2,155.0,4
3352.0,3,3,215.0,9
3353.0,1,1,80.0,2
3354.0,2,2,150.0,2
3355.0,1,1,75.0,1
3356.0,4,4,300.0,5
3357.0,1,1,75.0,1
3358.0,1,1,80.0,1
3359.0,2,2,140.0,2
3361.0,2,2,150.0,2
3362.0,1,1,75.0,2
3363.0,2,2,150.0,3
3364.0,1,1,75.0,1
3365.0,1,1,75.0,1
3366.0,1,1,80.0,2
3367.0,1,1,75.0,1
3368.0,6,6,420.0,6
3369.0,1,1,75.0,1
3370.0,2,2,150.0,2
3371.0,1,1,80.0,2
3372.0,2,2,150.0,4
3373.0,1,1,75.0,2
3374.0,3,3,215.0,9
3375.0,3,3,225.0,3
3376.0,3,3,225.0,3
3377.0,1,1,75.0,1
3378.0,4,4,295.0,4
3379.0,2,2,150.0,2
3380.0,2,2,145.0,2
3381.0,2,2,150.0,2
3382.0,3,3,220.0,3
3383.0,1,1,75.0,1
3384.0,1,1,75.0,1
3385.0,2,2,160.0,4
3386.0,1,1,75.0,1
3387.0,1,1,75.0,1
3388.0,6,6,465.0,9
3389.0,1,1,75.0,1
3390.0,1,1,80.0,2
3391.0,2,3,140.0,2
3392.0,3,3,230.0,4
3393.0,1,1,75.0,1
3394.0,2,2,150.0,2
3395.0,2,2,140.0,2
3396.0,1,1,65.0,3
3397.0,1,1,70.0,1
3398.0,1,1,75.0,2
3399.0,1,1,75.0,1
3400.0,3,3,210.0,5
3401.0,5,5,390.0,8
3402.0,1,1,70.0,3
3403.0,5,5,395.0,9
3404.0,2,2,150.0,3
3405.0,1,1,75.0,1
3406.0,1,1,75.0,1
3407.0,2,2,150.0,2
3408.0,1,1,70.0,1
3409.0,2,2,155.0,3
3410.0,1,1,75.0,1
3411.0,2,2,140.0,2
3412.0,2,2,150.0,2
3413.0,1,1,75.0,3
3414.0,2,2,155.0,4
3415.0,1,1,65.0,3
3416.0,1,1,75.0,1
3417.0,1,1,70.0,1
3418.0,4,4,305.0,5
3419.0,1,1,75.0,1
3420.0,1,1,75.0,1
3421.0,1,1,75.0,1
3422.0,4,4,270.0,12
3423.0,4,4,305.0,6
3424.0,1,1,75.0,1
3425.0,1,1,70.0,1
3426.0,4,4,300.0,4
3427.0,1,1,80.0,2
3428.0,1,1,75.0,1
3429.0,1,1,75.0,1
3430.0,3,3,225.0,5
3431.0,1,1,70.0,1
3432.0,1,1,75.0,1
3433.0,1,1,75.0,1
3434.0,1,1,75.0,1
3435.0,3,3,220.0,4
3436.0,1,1,70.0,1
3437.0,1,1,75.0,1
3438.0,4,4,295.0,6
3439.0,3,3,225.0,3
3440.0,1,1,75.0,1
3441.0,3,3,225.0,3
3442.0,1,1,75.0,1
3443.0,1,1,65.0,3
3444.0,1,1,75.0,1
3445.0,3,3,220.0,3
3446.0,3,3,225.0,4
3447.0,3,3,205.0,9
3448.0,1,1,70.0,1
3449.0,3,3,195.0,9
3450.0,1,1,75.0,1
3451.0,1,1,75.0,3
3452.0,1,1,80.0,2
3453.0,1,1,75.0,1
3454.0,1,2,75.0,1
3455.0,1,1,70.0,1
3456.0,1,1,75.0,1
3457.0,1,1,75.0,1
3458.0,1,1,80.0,2
3459.0,1,1,75.0,1
3460.0,6,6,430.0,6
3461.0,1,1,75.0,1
3462.0,3,3,220.0,3
3463.0,2,2,155.0,3
3464.0,1,1,75.0,1
3465.0,1,1,70.0,1
3466.0,1,1,80.0,2
3467.0,1,1,70.0,1
3468.0,2,2,150.0,2
3469.0,1,1,75.0,1
3470.0,1,1,75.0,1
3471.0,2,2,135.0,2
3472.0,2,2,140.0,2
3473.0,2,2,145.0,2
3475.0,2,2,150.0,2
3476.0,1,1,75.0,1
3477.0,1,1,75.0,1
3478.0,4,4,275.0,12
3479.0,1,1,75.0,1
3480.0,1,1,75.0,2
3481.0,2,2,150.0,2
3482.0,1,1,75.0,1
3484.0,1,1,65.0,3
3485.0,1,1,70.0,1
3486.0,1,1,65.0,3
3487.0,1,1,80.0,2
3488.0,1,1,75.0,2
3489.0,3,3,240.0,6
3490.0,3,3,225.0,4
3491.0,3,3,225.0,3
3492.0,2,2,140.0,2
3493.0,1,1,80.0,2
3494.0,3,3,225.0,3
3495.0,3,3,225.0,3
3496.0,1,1,75.0,1
3497.0,1,1,75.0,1
3498.0,1,1,80.0,2
3499.0,1,1,75.0,1
3500.0,1,1,75.0,1
3501.0,1,1,80.0,2
3502.0,1,1,75.0,1
3503.0,1,1,75.0,1
3504.0,1,1,70.0,1
3505.0,1,1,75.0,1
3506.0,4,4,285.0,4
3507.0,1,1,75.0,1
3508.0,1,1,75.0,1
3509.0,1,1,75.0,1
3510.0,3,3,205.0,9
3511.0,1,1,75.0,2
3512.0,3,3,220.0,4
3513.0,2,2,140.0,2
3514.0,2,2,145.0,2
3515.0,1,2,75.0,5
3516.0,2,2,150.0,2
3517.0,1,1,75.0,2
3518.0,1,1,75.0,1
3519.0,1,1,75.0,1
3520.0,1,1,75.0,1
3521.0,1,1,75.0,1
3522.0,1,1,75.0,1
3523.0,4,4,300.0,8
3524.0,2,2,100.0,3
3525.0,1,1,65.0,3
3526.0,2,2,145.0,2
3527.0,3,3,235.0,5
3528.0,5,5,375.0,5
3529.0,1,1,65.0,3
3530.0,2,2,140.0,2
3531.0,2,2,140.0,2
3532.0,2,3,150.0,3
3533.0,1,1,75.0,2
3534.0,2,2,150.0,2
3535.0,1,1,75.0,3
3536.0,2,2,150.0,2
3537.0,1,1,80.0,2
3538.0,2,2,135.0,6
3539.0,1,2,75.0,1
3540.0,1,1,75.0,1
3541.0,2,2,150.0,2
3542.0,1,1,75.0,1
3543.0,1,1,75.0,1
3544.0,5,5,350.0,5
3545.0,3,3,210.0,3
3546.0,2,2,150.0,2
3547.0,1,1,75.0,3
3548.0,2,2,150.0,2
3549.0,1,1,75.0,1
3550.0,4,4,295.0,4
3553.0,2,2,140.0,4
3554.0,4,4,300.0,4
3556.0,4,4,290.0,4
3557.0,1,1,75.0,1
3558.0,1,1,75.0,2
3559.0,3,3,225.0,3
3560.0,3,3,230.0,5
3561.0,2,2,145.0,2
3562.0,1,1,65.0,3
3563.0,1,1,70.0,2
3564.0,3,3,215.0,3
3565.0,3,3,225.0,3
3566.0,2,2,150.0,2
3567.0,2,2,130.0,6
3568.0,1,1,72.0,1
3569.0,2,2,145.0,2
3570.0,1,1,70.0,1
3571.0,1,1,65.0,3
3572.0,4,4,295.0,4
3573.0,2,2,155.0,4
3574.0,1,1,75.0,1
3575.0,1,1,75.0,1
3576.0,1,1,70.0,3
3577.0,2,2,135.0,6
3578.0,1,1,75.0,2
3579.0,1,1,80.0,2
3580.0,1,1,70.0,1
3581.0,3,3,220.0,3
3582.0,1,1,75.0,1
3583.0,2,2,150.0,2
3584.0,1,1,75.0,1
3585.0,2,2,150.0,2
3586.0,2,2,145.0,2
3587.0,4,4,300.0,5
3588.0,2,2,135.0,6
3589.0,1,1,70.0,1
3590.0,1,1,75.0,2
3591.0,3,3,225.0,3
3592.0,1,1,65.0,3
3593.0,1,1,75.0,2
3594.0,1,2,75.0,1
3595.0,1,1,80.0,2
3596.0,3,3,240.0,6
3597.0,1,1,75.0,1
3598.0,2,2,150.0,2
3599.0,1,1,70.0,1
3600.0,4,4,300.0,4
3601.0,1,1,70.0,1
3602.0,1,1,75.0,2
3603.0,1,1,65.0,3
3604.0,2,2,149.0,2
3605.0,1,1,75.0,2
3606.0,4,4,305.0,5
3607.0,1,1,75.0,1
3608.0,3,5,225.0,3
3609.0,1,1,75.0,2
3610.0,3,3,235.0,6
3611.0,2,2,150.0,2
3612.0,2,2,150.0,4
3613.0,4,4,300.0,4
3615.0,1,1,75.0,1
3616.0,2,2,140.0,6
3617.0,1,1,70.0,1
3618.0,1,1,70.0,3
3619.0,8,8,600.0,8
3620.0,4,4,300.0,4
3621.0,4,4,300.0,5
3623.0,1,1,75.0,1
3624.0,1,1,70.0,1
3625.0,1,1,70.0,1
3626.0,2,2,155.0,4
3627.0,1,1,75.0,3
3628.0,1,1,75.0,1
3629.0,5,5,370.0,6
3630.0,1,1,75.0,3
3631.0,2,2,145.0,2
3632.0,1,1,70.0,1
3633.0,2,2,145.0,2
3634.0,1,1,74.0,1
3635.0,1,1,70.0,1
3636.0,1,1,75.0,1
3637.0,2,2,150.0,2
3639.0,1,1,75.0,1
3640.0,4,6,300.0,4
3641.0,1,1,230.0,5
3643.0,1,1,75.0,2
3644.0,1,1,75.0,1
3645.0,2,2,155.0,4
3646.0,1,1,70.0,2
3647.0,3,3,230.0,5
3648.0,1,1,75.0,1
3649.0,1,1,75.0,1
3650.0,1,1,75.0,1
3651.0,2,2,140.0,2
3652.0,1,1,75.0,1
3653.0,1,1,75.0,1
3654.0,2,2,150.0,3
3655.0,2,2,135.0,2
3656.0,1,1,75.0,1
3657.0,1,1,75.0,1
3658.0,1,1,75.0,1
3659.0,1,1,70.0,1
3660.0,2,2,130.0,3
3661.0,2,2,150.0,2
3662.0,1,1,75.0,1
3663.0,1,1,80.0,2
3664.0,1,1,70.0,1
3665.0,1,1,75.0,1
3666.0,3,28,180.0,3
3667.0,14,63,840.0,14
3668.0,1,2,65.0,1
3669.0,3,3,225.0,3
3670.0,1,1,80.0,2
3671.0,2,2,155.0,2
3672.0,1,1,65.0,3
3673.0,1,1,65.0,3
3674.0,1,1,75.0,1
3675.0,1,1,75.0,1
3676.0,1,1,75.0,1
3677.0,1,1,75.0,1
3678.0,1,1,75.0,1
3679.0,2,2,150.0,2
3680.0,1,1,75.0,2
3681.0,1,1,70.0,1
3682.0,1,1,70.0,1
3683.0,4,4,290.0,4
3684.0,2,2,140.0,2
3685.0,2,2,140.0,2
3686.0,1,1,70.0,1
3687.0,2,2,140.0,2
3688.0,1,1,70.0,1
3689.0,1,1,75.0,1
3690.0,3,6,220.0,3
3691.0,1,1,70.0,1
3692.0,2,2,150.0,3
3693.0,2,2,155.0,4
3694.0,1,1,70.0,1
3695.0,1,1,70.0,1
3697.0,1,1,75.0,1
3699.0,1,1,70.0,1
3700.0,1,1,75.0,2
3701.0,4,4,305.0,5
3702.0,2,2,150.0,3
3703.0,2,2,130.0,6
3704.0,1,1,75.0,1
3705.0,1,1,65.0,3
3706.0,4,4,300.0,4
3707.0,1,1,75.0,1
3708.0,2,2,150.0,2
3709.0,1,1,75.0,1
3710.0,2,2,150.0,2
3711.0,1,1,75.0,1
3712.0,2,2,135.0,6
3713.0,2,2,140.0,5
3714.0,2,2,150.0,2
3715.0,1,1,75.0,1
3716.0,1,1,75.0,2
3717.0,2,2,150.0,2
3718.0,1,1,75.0,2
3719.0,1,1,75.0,1
3720.0,5,5,375.0,5
3721.0,1,1,65.0,3
3722.0,1,1,70.0,1
3723.0,1,1,75.0,1
3724.0,2,2,150.0,2
3725.0,3,3,210.0,3
3726.0,1,1,65.0,3
3727.0,1,1,75.0,1
3728.0,1,1,80.0,2
3729.0,2,3,135.0,2
3730.0,1,1,75.0,1
3731.0,2,2,150.0,2
3732.0,1,1,75.0,1
3733.0,1,1,75.0,2
3734.0,1,1,75.0,2
3735.0,1,1,75.0,1
3737.0,1,1,75.0,1
3738.0,3,3,224.0,4
3739.0,1,1,75.0,1
3740.0,2,2,155.0,4
3741.0,1,1,80.0,2
3742.0,1,1,75.0,1
3743.0,1,1,75.0,1
3744.0,3,3,230.0,5
3745.0,2,2,150.0,4
3746.0,1,1,70.0,1
3747.0,1,1,80.0,2
3748.0,1,2,75.0,2
3749.0,1,1,75.0,1
3750.0,3,3,225.0,3
3751.0,1,1,75.0,1
3752.0,1,1,75.0,1
3753.0,1,1,70.0,1
3754.0,1,1,75.0,2
3755.0,2,2,150.0,2
3756.0,1,1,75.0,1
3757.0,1,1,75.0,1
3758.0,2,2,150.0,2
3759.0,1,1,75.0,2
3760.0,1,1,65.0,3
3761.0,1,1,70.0,1
3762.0,1,1,70.0,1
3763.0,1,1,75.0,1
3764.0,1,1,75.0,1
3765.0,2,2,150.0,2
3766.0,1,108,65.0,1
3767.0,1,1,70.0,3
3769.0,1,1,70.0,1
3770.0,2,2,145.0,2
3771.0,1,1,75.0,2
3772.0,1,1,75.0,1
3773.0,1,1,80.0,2
3774.0,1,1,80.0,2
3775.0,2,2,150.0,2
3776.0,1,1,75.0,1
3777.0,3,3,235.0,6
3778.0,1,1,75.0,1
3779.0,2,2,150.0,3
3780.0,1,1,75.0,1
3781.0,1,1,75.0,2
3782.0,1,1,75.0,1
3783.0,1,1,75.0,1
3784.0,4,4,300.0,4
3785.0,4,4,290.0,4
3786.0,1,1,75.0,3
3787.0,4,4,300.0,4
3789.0,5,5,380.0,10
3790.0,2,2,155.0,3
3791.0,1,1,75.0,1
3792.0,1,1,65.0,1
3793.0,1,1,65.0,3
3794.0,1,1,75.0,1
3795.0,1,1,80.0,2
3796.0,4,4,300.0,7
3797.0,1,1,74.0,1
3798.0,1,1,75.0,1
3799.0,2,2,150.0,2
3800.0,1,1,70.0,3
3801.0,2,2,155.0,3
3802.0,1,1,65.0,3
3803.0,1,1,75.0,2
3804.0,1,1,65.0,1
3805.0,2,2,150.0,2
3806.0,1,1,75.0,3
3807.0,2,2,145.0,6
3808.0,2,2,140.0,6
3809.0,4,4,300.0,4
3810.0,3,3,225.0,3
3811.0,1,1,75.0,1
3812.0,2,2,155.0,4
3813.0,1,1,70.0,3
3814.0,1,1,75.0,3
3815.0,1,1,80.0,2
3816.0,1,1,75.0,2
3817.0,1,1,75.0,1
3819.0,1,1,80.0,2
3820.0,1,1,70.0,3
3822.0,1,1,75.0,1
3823.0,1,1,75.0,1
3824.0,2,2,150.0,2
3825.0,1,1,75.0,1
3826.0,1,1,75.0,1
3827.0,1,1,75.0,1
3828.0,1,1,80.0,2
3829.0,2,2,155.0,3
3830.0,3,3,225.0,3
3831.0,1,1,75.0,2
3832.0,1,1,75.0,1
3833.0,1,1,75.0,2
3834.0,1,1,75.0,3
3835.0,1,1,75.0,1
3836.0,2,2,150.0,2
3837.0,3,3,225.0,3
3838.0,2,2,155.0,3
3839.0,1,1,35.0,2
3840.0,1,1,80.0,2
3841.0,2,2,145.0,6
3842.0,1,1,75.0,2
3843.0,1,1,80.0,2
3844.0,1,1,75.0,2
3846.0,2,2,150.0,2
3847.0,1,1,75.0,1
3848.0,3,3,225.0,3
3849.0,1,1,75.0,1
3850.0,1,1,75.0,5
3851.0,1,1,75.0,1
3852.0,1,1,70.0,1
3853.0,2,2,135.0,6
3854.0,1,1,75.0,2
3855.0,1,1,75.0,2
3856.0,2,2,150.0,4
3857.0,1,1,75.0,1
3858.0,3,3,225.0,4
3859.0,4,4,315.0,8
3860.0,2,2,140.0,2
3861.0,2,2,150.0,2
3862.0,1,1,70.0,3
3863.0,3,3,230.0,5
3864.0,4,4,280.0,4
3865.0,1,1,80.0,2
3866.0,2,2,150.0,3
3867.0,2,2,150.0,2
3868.0,1,1,70.0,3
3869.0,2,2,150.0,2
3870.0,1,1,75.0,2
3871.0,2,2,150.0,3
3872.0,1,1,70.0,1
3873.0,1,1,75.0,1
3874.0,1,1,75.0,1
3875.0,2,2,140.0,2
3876.0,1,1,70.0,1
3877.0,1,1,75.0,1
3878.0,3,3,225.0,3
3879.0,1,1,70.0,2
3880.0,1,1,75.0,2
3881.0,1,1,70.0,1
3882.0,1,1,75.0,1
3883.0,1,1,80.0,2
3884.0,1,1,75.0,1
3885.0,2,2,150.0,2
3886.0,1,1,75.0,1
3887.0,1,1,75.0,1
3888.0,4,7,310.0,7
3889.0,1,1,65.0,3
3890.0,1,1,70.0,3
3891.0,1,1,70.0,3
3892.0,1,1,75.0,1
3893.0,2,2,135.0,6
3894.0,2,2,160.0,4
3895.0,2,2,150.0,2
3896.0,1,1,75.0,1
3897.0,1,1,80.0,2
3898.0,1,1,75.0,2
3899.0,2,2,150.0,2
3900.0,1,1,75.0,1
3901.0,2,2,155.0,3
3902.0,1,1,75.0,3
3903.0,1,1,75.0,1
3904.0,1,1,75.0,1
3905.0,1,1,75.0,1
3906.0,2,2,150.0,2
3907.0,2,2,155.0,3
3908.0,1,1,75.0,1
3909.0,1,1,75.0,1
3910.0,2,2,150.0,2
3911.0,1,1,75.0,1
3913.0,1,1,80.0,2
3914.0,1,1,75.0,1
3915.0,1,1,75.0,1
3916.0,4,4,300.0,4
3917.0,1,1,70.0,1
3918.0,1,1,75.0,1
3919.0,1,1,75.0,1
3920.0,1,1,75.0,1
3921.0,1,1,70.0,3
3922.0,1,1,70.0,1
3923.0,1,1,80.0,2
3924.0,3,3,210.0,3
3925.0,1,1,75.0,1
3926.0,1,1,75.0,2
3927.0,1,1,75.0,1
3928.0,1,1,75.0,1
3929.0,2,2,150.0,6
3930.0,2,2,150.0,5
3931.0,2,2,150.0,2
3932.0,3,3,220.0,3
3933.0,2,2,145.0,2
3934.0,1,1,75.0,1
3935.0,1,1,75.0,2
3936.0,4,4,295.0,4
3937.0,1,1,70.0,3
3938.0,1,1,75.0,1
3939.0,1,1,75.0,1
3940.0,1,1,75.0,1
3941.0,1,1,70.0,1
3942.0,1,1,70.0,3
3943.0,1,1,70.0,3
3944.0,1,1,75.0,1
3945.0,1,1,75.0,1
3946.0,1,1,70.0,1
3947.0,2,2,150.0,4
3948.0,1,1,75.0,2
3949.0,1,1,80.0,2
3950.0,1,1,80.0,2
3951.0,1,2,75.0,1
3952.0,1,1,75.0,1
3953.0,1,1,80.0,2
3954.0,3,3,225.0,4
3955.0,1,1,75.0,2
3956.0,3,3,225.0,3
3957.0,2,2,140.0,2
3958.0,1,1,75.0,1
3959.0,1,1,75.0,1
3960.0,1,1,75.0,1
3961.0,1,1,70.0,3
3962.0,1,1,75.0,1
3963.0,1,1,75.0,2
3964.0,1,1,70.0,1
3965.0,2,2,130.0,2
3966.0,2,2,150.0,2
3967.0,3,3,225.0,4
3968.0,1,1,75.0,1
3969.0,1,1,75.0,1
3970.0,2,2,150.0,3
3971.0,1,1,75.0,2
3972.0,1,1,70.0,1
3973.0,1,1,75.0,1
3974.0,2,2,140.0,6
3975.0,3,3,225.0,5
3976.0,3,3,210.0,3
3977.0,2,2,150.0,2
3978.0,1,1,80.0,2
3979.0,1,1,70.0,3
3980.0,1,1,75.0,1
3981.0,1,1,75.0,1
3982.0,1,1,75.0,1
3983.0,1,1,75.0,1
3984.0,1,1,75.0,1
3985.0,2,2,155.0,3
3986.0,1,1,75.0,1
3987.0,2,2,140.0,2
3988.0,3,3,235.0,6
3989.0,1,1,75.0,1
3990.0,1,1,75.0,1
3992.0,2,2,145.0,2
3993.0,2,2,150.0,2
3994.0,1,1,75.0,1
3995.0,2,2,150.0,3
3996.0,3,3,220.0,5
3997.0,2,2,155.0,4
3998.0,2,2,150.0,2
3999.0,1,1,75.0,1
4000.0,2,2,150.0,3
4001.0,1,1,75.0,1
4002.0,1,1,75.0,1
4003.0,1,1,75.0,1
4004.0,1,1,70.0,3
4005.0,1,1,80.0,2
4006.0,2,2,145.0,2
4007.0,1,1,70.0,1
4008.0,1,1,70.0,1
4009.0,1,1,75.0,1
4010.0,2,2,150.0,2
4011.0,2,4,145.0,2
4012.0,1,1,75.0,1
4013.0,1,1,75.0,1
4014.0,2,2,140.0,6
4015.0,1,1,70.0,1
4016.0,1,1,75.0,1
4017.0,1,1,70.0,1
4018.0,1,1,75.0,2
4019.0,1,1,75.0,1
4020.0,1,1,75.0,2
4021.0,1,1,75.0,2
4022.0,1,1,70.0,3
4023.0,1,1,75.0,1
4024.0,1,1,75.0,2
4025.0,2,2,145.0,2
4026.0,1,1,75.0,1
4027.0,1,1,75.0,1
4028.0,2,2,160.0,4
4029.0,2,2,145.0,2
4030.0,2,2,150.0,2
4031.0,1,1,80.0,2
4032.0,2,2,145.0,2
4033.0,1,1,70.0,1
4034.0,1,1,80.0,2
4035.0,1,1,70.0,1
4036.0,1,1,70.0,3
4037.0,4,4,310.0,7
4038.0,2,2,150.0,4
4039.0,1,1,75.0,2
4040.0,2,2,145.0,2
4041.0,3,3,210.0,9
4042.0,3,3,225.0,4
4043.0,1,1,70.0,1
4044.0,1,1,75.0,1
4045.0,1,1,75.0,2
4046.0,1,1,75.0,1
4047.0,1,1,70.0,1
4048.0,1,1,75.0,1
4049.0,4,4,280.0,4
4050.0,2,2,140.0,6
4051.0,1,1,74.0,1
4052.0,1,1,75.0,1
4053.0,3,3,225.0,3
4054.0,1,1,75.0,1
4055.0,2,2,150.0,2
4056.0,1,1,70.0,3
4057.0,1,1,75.0,1
4058.0,1,1,75.0,1
4059.0,1,1,75.0,3
4060.0,1,1,75.0,2
4061.0,1,1,80.0,2
4062.0,1,1,75.0,1
4063.0,1,1,75.0,2
4064.0,2,2,150.0,2
4065.0,1,1,75.0,2
4066.0,1,1,80.0,2
4067.0,2,2,160.0,4
4068.0,1,1,70.0,3
4069.0,1,1,80.0,2
4070.0,1,1,80.0,2
4071.0,1,1,75.0,1
4072.0,1,1,75.0,1
4073.0,2,2,144.0,2
4074.0,1,1,75.0,1
4075.0,1,1,75.0,1
4076.0,1,1,75.0,1
4077.0,1,1,70.0,1
4078.0,1,1,75.0,1
4079.0,1,1,70.0,1
4080.0,1,1,75.0,1
4081.0,1,1,70.0,1
4083.0,2,2,155.0,3
4084.0,1,1,75.0,1
4085.0,1,1,70.0,3
4086.0,1,1,70.0,1
4087.0,1,1,80.0,2
4088.0,1,1,80.0,2
4089.0,22,22,1430.0,22
4091.0,2,2,147.0,2
4092.0,2,2,145.0,4
4093.0,1,1,70.0,1
4094.0,2,2,150.0,2
4095.0,1,1,75.0,1
4096.0,1,1,75.0,1
4097.0,1,1,80.0,2
4098.0,1,1,70.0,3
4099.0,2,2,150.0,2
4100.0,1,1,70.0,1
4101.0,2,2,140.0,3
4102.0,1,1,70.0,3
4103.0,1,1,75.0,1
4104.0,1,1,70.0,1
4105.0,1,1,75.0,2
4106.0,4,4,292.0,4
4107.0,1,1,75.0,1
4108.0,1,1,75.0,1
4109.0,1,1,70.0,3
4110.0,2,2,140.0,4
4111.0,2,2,150.0,2
4112.0,1,1,75.0,1
4113.0,2,2,150.0,2
4114.0,2,2,150.0,2
4115.0,1,1,80.0,2
4116.0,2,2,150.0,2
4117.0,1,1,75.0,1
4118.0,1,1,75.0,2
4119.0,1,1,75.0,1
4120.0,2,2,150.0,2
4121.0,1,1,75.0,1
4122.0,3,3,220.0,3
4123.0,1,1,75.0,1
4124.0,3,3,235.0,5
4125.0,2,2,150.0,3
4126.0,1,1,80.0,2
4127.0,1,1,80.0,2
4128.0,1,1,80.0,2
4129.0,2,2,150.0,3
4130.0,1,1,80.0,2
4131.0,1,1,75.0,1
4132.0,1,1,75.0,1
4133.0,1,1,75.0,1
4134.0,1,1,75.0,1
4135.0,2,2,150.0,4
4136.0,2,2,150.0,3
4137.0,1,1,75.0,1
4138.0,2,2,140.0,2
4139.0,3,3,225.0,3
4140.0,1,1,75.0,1
4141.0,2,2,155.0,3
4142.0,1,1,75.0,1
4143.0,1,1,70.0,3
4144.0,1,1,75.0,1
4145.0,1,1,70.0,1
4146.0,1,1,75.0,1
4147.0,1,1,80.0,2
4148.0,1,1,75.0,1
4149.0,1,1,70.0,3
4150.0,1,1,75.0,1
4151.0,1,1,70.0,1
4152.0,1,1,70.0,1
4153.0,1,1,70.0,1
4154.0,2,2,150.0,2
4155.0,1,1,75.0,1
4156.0,1,1,75.0,1
4158.0,1,1,80.0,2
4159.0,1,1,75.0,1
4160.0,2,2,150.0,2
4161.0,1,1,75.0,1
4162.0,1,1,74.0,1
4163.0,1,1,70.0,3
4164.0,1,1,75.0,1
4165.0,1,1,70.0,1
4166.0,1,1,70.0,1
4167.0,1,1,70.0,3
4168.0,2,2,140.0,6
4169.0,2,2,150.0,2
4170.0,1,1,75.0,1
4171.0,1,1,75.0,1
4172.0,1,1,70.0,1
4173.0,1,1,70.0,3
4174.0,4,4,290.0,6
4175.0,1,1,75.0,1
4176.0,1,1,65.0,3
4177.0,1,1,75.0,1
4178.0,2,2,150.0,5
4179.0,2,2,140.0,6
4181.0,1,1,75.0,1
4182.0,1,1,75.0,1
4183.0,3,3,225.0,3
4185.0,1,1,75.0,1
4186.0,2,2,150.0,2
4187.0,1,1,75.0,1
4188.0,1,1,75.0,1
4189.0,1,1,75.0,1
4190.0,1,1,80.0,2
4191.0,2,2,150.0,3
4192.0,1,1,73.0,1
4193.0,2,2,130.0,4
4194.0,1,1,75.0,1
4195.0,1,1,75.0,1
4196.0,1,1,70.0,1
4197.0,1,1,75.0,1
4198.0,3,3,225.0,3
4199.0,3,3,210.0,3
4200.0,2,2,149.0,2
4201.0,3,6,195.0,3
4202.0,1,1,75.0,1
4203.0,1,1,75.0,1
4204.0,1,1,80.0,2
4205.0,1,1,75.0,1
4206.0,1,1,75.0,1
4207.0,2,2,150.0,2
4208.0,1,1,75.0,1
4209.0,3,3,225.0,4
4210.0,1,1,75.0,1
4211.0,1,1,75.0,1
4212.0,1,1,80.0,2
4213.0,4,4,300.0,4
4214.0,1,1,75.0,1
4215.0,1,1,75.0,1
4216.0,1,1,75.0,1
4217.0,2,2,100.0,3
4218.0,1,2,70.0,5
4219.0,1,1,80.0,2
4220.0,1,1,75.0,1
4221.0,1,1,70.0,3
4222.0,1,1,75.0,1
4223.0,3,3,225.0,3
4224.0,2,2,150.0,3
4225.0,1,1,75.0,1
4226.0,1,2,70.0,1
4227.0,1,1,75.0,2
4228.0,1,2,65.0,1
4229.0,1,1,75.0,1
4230.0,2,2,140.0,4
4231.0,2,2,150.0,2
4232.0,2,2,150.0,2
4233.0,2,2,150.0,2
4234.0,1,1,75.0,1
4235.0,1,1,75.0,1
4236.0,1,8,65.0,1
4237.0,1,1,75.0,1
4238.0,1,1,75.0,1
4239.0,1,1,80.0,2
4240.0,2,2,150.0,2
4241.0,2,2,160.0,4
4242.0,1,1,75.0,1
4243.0,2,2,140.0,6
4244.0,1,1,75.0,1
4245.0,1,1,75.0,1
4246.0,1,1,75.0,2
4248.0,2,2,150.0,2
4249.0,1,1,75.0,2
4250.0,1,1,75.0,1
4252.0,1,1,75.0,1
4253.0,1,1,80.0,2
4254.0,1,1,70.0,3
4256.0,1,1,75.0,1
4257.0,2,2,145.0,2
4258.0,1,1,75.0,1
4259.0,2,2,140.0,6
4260.0,1,1,80.0,2
4261.0,1,1,80.0,2
4262.0,2,2,150.0,2
4263.0,2,2,145.0,3
4264.0,1,1,70.0,3
4265.0,3,3,230.0,4
4266.0,1,1,75.0,1
4267.0,1,1,75.0,1
4268.0,1,1,75.0,1
4269.0,3,3,235.0,5
4270.0,1,1,75.0,1
4271.0,2,2,145.0,2
4272.0,2,2,150.0,2
4273.0,1,1,70.0,1
4274.0,1,1,75.0,1
4275.0,1,1,70.0,1
4276.0,1,1,75.0,1
4277.0,2,2,150.0,2
4278.0,2,2,150.0,2
4279.0,2,2,150.0,2
4280.0,1,1,75.0,1
4281.0,2,2,150.0,2
4283.0,1,1,75.0,2
4284.0,1,1,70.0,1
4285.0,3,3,225.0,3
4286.0,1,1,75.0,1
4287.0,2,2,150.0,3
4288.0,1,1,75.0,1
4289.0,1,1,80.0,2
4290.0,3,3,240.0,6
4291.0,3,3,225.0,3
4292.0,2,2,155.0,3
4293.0,1,1,75.0,1
4294.0,1,1,65.0,1
4295.0,1,1,75.0,1
4296.0,1,1,80.0,2
4297.0,2,2,145.0,2
4298.0,1,1,70.0,1
4299.0,1,1,75.0,1
4300.0,1,1,75.0,1
4301.0,2,2,140.0,6
4302.0,1,1,80.0,2
4303.0,1,3,70.0,1
4304.0,1,1,75.0,1
4305.0,2,2,150.0,2
4306.0,1,1,75.0,1
4307.0,2,2,150.0,2
4308.0,1,1,70.0,1
4309.0,1,1,70.0,1
4310.0,1,1,70.0,1
4311.0,1,1,75.0,1
4312.0,1,1,69.0,1
4313.0,2,2,142.0,2
4314.0,1,1,75.0,1
4315.0,1,1,75.0,1
4316.0,1,1,70.0,1
4317.0,2,2,140.0,2
4318.0,2,2,150.0,2
4319.0,2,2,150.0,2
4320.0,1,1,70.0,1
4321.0,1,1,75.0,1
4322.0,1,1,80.0,2
4323.0,1,1,75.0,1
4324.0,2,2,150.0,2
4326.0,2,2,150.0,2
4327.0,2,2,150.0,3
4328.0,1,2,70.0,1
4329.0,1,1,75.0,1
4330.0,2,2,150.0,3
4331.0,1,1,75.0,1
4332.0,1,1,75.0,1
4333.0,1,1,80.0,2
4335.0,2,2,160.0,4
4336.0,1,1,70.0,1
4337.0,1,1,70.0,1
4338.0,1,1,75.0,1
4339.0,1,1,75.0,1
4340.0,1,1,75.0,2
4341.0,1,1,75.0,2
4342.0,1,1,75.0,1
4343.0,2,4,145.0,2
4344.0,1,1,75.0,1
4345.0,2,2,150.0,2
4346.0,1,1,70.0,1
4347.0,1,1,75.0,1
4348.0,2,2,150.0,2
4349.0,1,1,75.0,1
4350.0,1,1,75.0,1
4351.0,1,1,80.0,2
4352.0,2,2,155.0,4
4353.0,1,1,75.0,1
4354.0,1,1,75.0,1
4355.0,1,1,65.0,3
4356.0,1,1,75.0,1
4357.0,1,1,75.0,1
4358.0,3,3,210.0,3
4359.0,2,2,145.0,2
4360.0,1,1,70.0,1
4361.0,1,1,70.0,3
4362.0,2,2,150.0,2
4363.0,1,1,70.0,1
4364.0,1,1,75.0,1
4365.0,2,2,150.0,2
4366.0,1,1,75.0,1
4367.0,1,1,75.0,1
4368.0,1,1,75.0,1
4369.0,1,1,75.0,1
4370.0,1,1,75.0,1
4371.0,2,2,145.0,6
4372.0,1,1,75.0,1
4373.0,1,1,75.0,1
4374.0,2,2,160.0,4
4375.0,4,5,295.0,4
4376.0,1,1,80.0,2
4377.0,3,3,240.0,6
4378.0,2,2,150.0,5
4379.0,2,2,149.0,2
4380.0,1,1,80.0,2
4381.0,1,1,70.0,1
4382.0,1,1,75.0,1
4383.0,1,1,75.0,1
4384.0,1,1,75.0,1
4385.0,3,3,235.0,5
4386.0,2,2,140.0,6
4387.0,1,1,75.0,1
4388.0,1,1,75.0,2
4389.0,3,3,210.0,6
4390.0,2,2,140.0,6
4391.0,2,2,150.0,2
4392.0,2,2,148.0,2
4393.0,2,2,140.0,2
4394.0,1,1,75.0,1
4395.0,2,2,160.0,4
4396.0,2,2,150.0,2
4397.0,2,2,150.0,2
4398.0,3,3,225.0,3
4399.0,1,1,70.0,1
4400.0,2,2,140.0,2
4401.0,2,2,140.0,3
4402.0,1,1,75.0,1
4403.0,8,11,560.0,8
4404.0,1,1,70.0,1
4405.0,1,1,75.0,1
4406.0,1,1,70.0,3
4407.0,1,1,75.0,1
4408.0,2,2,140.0,2
4409.0,2,2,150.0,2
4410.0,1,1,75.0,1
4411.0,2,2,140.0,2
4412.0,1,1,70.0,1
4413.0,1,1,73.0,1
4414.0,1,1,75.0,1
4415.0,1,1,70.0,1
4416.0,1,1,70.0,1
4417.0,1,1,80.0,2
4418.0,1,1,75.0,1
4420.0,3,3,225.0,3
4421.0,1,1,75.0,1
4422.0,1,1,75.0,1
4423.0,1,1,75.0,1
4425.0,1,1,75.0,1
4426.0,1,1,70.0,1
4427.0,1,1,75.0,1
4428.0,4,4,305.0,6
4429.0,2,2,150.0,2
4430.0,3,3,225.0,3
4431.0,1,1,75.0,1
4432.0,1,1,70.0,1
4433.0,1,1,75.0,3
4434.0,1,1,75.0,1
4435.0,2,2,140.0,2
4436.0,1,1,70.0,1
4437.0,1,1,75.0,1
4438.0,1,1,75.0,1
4439.0,1,1,75.0,1
4440.0,2,2,150.0,2
4441.0,1,1,80.0,2
4442.0,1,1,65.0,1
4443.0,1,1,75.0,1
4444.0,1,1,75.0,1
4445.0,2,2,160.0,4
4446.0,1,1,75.0,1
4447.0,2,2,155.0,4
4448.0,1,1,75.0,1
4449.0,1,1,75.0,1
4450.0,2,2,155.0,3
4451.0,1,1,70.0,3
4452.0,1,1,75.0,1
4453.0,1,1,80.0,2
4454.0,1,1,75.0,1
4455.0,1,1,75.0,2
4456.0,1,1,70.0,3
4457.0,1,1,70.0,1
4458.0,1,1,70.0,3
4459.0,1,1,70.0,3
4460.0,1,1,75.0,1
4461.0,2,2,150.0,2
4463.0,1,1,75.0,1
4464.0,1,1,75.0,1
4465.0,1,1,75.0,2
4467.0,1,1,70.0,3
4468.0,1,1,70.0,1
4469.0,1,1,75.0,1
4470.0,1,1,70.0,1
4471.0,3,3,225.0,3
4472.0,1,1,70.0,3
4473.0,1,1,70.0,1
4474.0,1,1,70.0,1
4476.0,1,1,70.0,1
4477.0,1,1,80.0,2
4478.0,1,1,75.0,1
4479.0,1,1,75.0,1
4480.0,1,1,80.0,2
4481.0,2,2,150.0,2
4482.0,1,1,75.0,1
4483.0,2,2,150.0,3
4484.0,2,2,150.0,2
4485.0,1,1,75.0,1
4486.0,2,2,155.0,3
4487.0,1,1,75.0,1
4488.0,1,2,70.0,1
4489.0,1,1,75.0,1
4490.0,1,1,75.0,2
4491.0,1,1,75.0,1
4492.0,1,1,70.0,1
4493.0,1,1,65.0,1
4494.0,1,1,80.0,2
4495.0,1,1,75.0,1
4496.0,1,1,75.0,1
4497.0,1,1,75.0,1
4499.0,1,1,70.0,1
4500.0,1,1,70.0,1
4501.0,1,1,65.0,1
4502.0,1,1,70.0,1
4503.0,1,1,75.0,3
4504.0,1,1,75.0,1
4505.0,1,1,75.0,1
4507.0,3,3,225.0,3
4508.0,1,1,75.0,1
4511.0,1,1,75.0,1
4512.0,1,1,70.0,1
4513.0,1,1,70.0,1
4514.0,1,1,75.0,1
4515.0,1,1,75.0,1
4516.0,2,2,150.0,2
4517.0,1,1,75.0,1
4518.0,1,1,70.0,3
4519.0,2,2,150.0,2
4520.0,1,1,75.0,1
4521.0,2,2,150.0,2
4522.0,1,1,75.0,1
4523.0,2,2,150.0,2
4524.0,1,1,70.0,1
4525.0,1,1,70.0,1
4526.0,1,1,80.0,2
4527.0,1,1,75.0,1
4528.0,1,1,75.0,1
4529.0,1,1,80.0,2
4530.0,3,3,225.0,3
4531.0,1,1,70.0,1
4532.0,1,1,75.0,1
4533.0,1,1,70.0,3
4534.0,1,1,75.0,1
4535.0,1,1,75.0,1
4536.0,2,2,150.0,2
4537.0,3,3,225.0,3
4538.0,1,1,75.0,1
4539.0,1,1,75.0,1
4540.0,14,16,910.0,14
4541.0,1,1,75.0,2
4542.0,1,1,75.0,1
4543.0,2,2,150.0,2
4544.0,1,1,75.0,1
4545.0,1,1,75.0,1
4546.0,1,1,75.0,1
4547.0,1,1,70.0,1
4548.0,1,1,75.0,2
4549.0,1,1,70.0,3
4550.0,1,1,75.0,1
4551.0,1,1,75.0,1
4552.0,1,1,75.0,1
4554.0,2,2,150.0,3
4555.0,2,2,150.0,2
4556.0,1,1,75.0,3
4557.0,1,1,70.0,1
4558.0,1,1,70.0,3
4559.0,1,1,70.0,3
4560.0,1,1,75.0,1
4561.0,1,1,75.0,1
4562.0,1,1,70.0,3
4563.0,1,1,75.0,1
4564.0,2,2,150.0,2
4565.0,1,1,70.0,1
4566.0,1,1,75.0,1
4567.0,1,1,70.0,1
4568.0,1,1,75.0,1
4569.0,1,1,75.0,1
4570.0,1,1,75.0,1
4571.0,1,1,75.0,1
4573.0,1,1,75.0,1
4574.0,1,1,80.0,2
4575.0,1,1,80.0,2
4576.0,1,1,75.0,1
4578.0,1,1,75.0,1
4579.0,1,1,80.0,2
4580.0,1,1,80.0,2
4581.0,1,1,75.0,1
4582.0,1,1,70.0,2
4583.0,1,1,80.0,2
4584.0,1,3,70.0,1
4585.0,1,1,70.0,3
4586.0,1,1,70.0,1
4587.0,1,1,75.0,2
4588.0,1,1,75.0,1
4589.0,1,1,75.0,1
4590.0,1,1,80.0,2
4591.0,1,1,45.0,2
4592.0,1,1,75.0,1
4593.0,1,1,75.0,1
4594.0,1,1,80.0,2
4595.0,1,1,80.0,2
4596.0,1,1,60.0,2
4597.0,2,2,140.0,6
4598.0,1,1,70.0,3
4599.0,1,1,75.0,1
4600.0,1,1,15.0,2
4601.0,1,1,75.0,1
4602.0,1,1,70.0,1
4603.0,1,1,75.0,1
4604.0,2,2,150.0,2
4605.0,1,1,75.0,1
4606.0,1,1,70.0,3
4607.0,2,2,150.0,2
4608.0,2,2,150.0,2
4609.0,1,1,75.0,1
4610.0,1,1,75.0,1
4611.0,1,1,75.0,1
4612.0,1,1,75.0,1
4613.0,1,1,75.0,1
4614.0,1,1,75.0,1
4615.0,1,1,75.0,1
4616.0,1,1,75.0,1
4617.0,2,2,150.0,2
4619.0,2,2,150.0,7
4620.0,1,1,80.0,2
4621.0,1,1,75.0,1
4622.0,1,1,70.0,3
4623.0,2,2,155.0,3
4624.0,1,1,75.0,2
4625.0,1,1,75.0,1
4626.0,1,1,80.0,2
4627.0,2,2,155.0,4
4628.0,1,1,70.0,1
4629.0,2,2,150.0,2
4630.0,1,1,74.0,1
4631.0,1,1,75.0,1
4632.0,1,1,75.0,1
4633.0,1,1,75.0,1
4634.0,1,1,75.0,2
4635.0,2,2,145.0,4
4636.0,1,1,75.0,1
4637.0,1,1,75.0,1
4638.0,1,1,80.0,2
4639.0,1,1,75.0,1
4640.0,1,1,70.0,1
4641.0,1,1,75.0,1
4642.0,1,1,70.0,3
4643.0,1,1,75.0,1
4644.0,1,1,75.0,3
4645.0,1,1,80.0,2
4646.0,1,1,75.0,1
4647.0,2,2,140.0,6
4648.0,2,2,160.0,4
4649.0,2,2,150.0,2
4651.0,2,2,150.0,2
4652.0,1,1,70.0,1
4653.0,1,1,70.0,3
4654.0,1,1,75.0,1
4655.0,1,1,70.0,3
4656.0,1,1,75.0,1
4657.0,1,1,75.0,2
4658.0,1,1,75.0,1
4659.0,1,1,80.0,2
4660.0,1,1,75.0,1
4661.0,1,1,70.0,1
4662.0,1,1,70.0,1
4663.0,1,1,75.0,1
4664.0,1,1,70.0,1
4665.0,1,1,70.0,1
4666.0,1,1,80.0,2
4667.0,1,1,70.0,3
4668.0,1,1,75.0,1
4669.0,1,1,70.0,3
4670.0,1,1,80.0,2
4671.0,1,1,75.0,1
4672.0,1,1,75.0,1
4673.0,1,1,75.0,1
4675.0,1,1,75.0,1
4676.0,1,1,70.0,1
4677.0,1,1,74.0,1
4678.0,2,2,150.0,2
4679.0,1,1,70.0,2
4680.0,1,1,80.0,2
4681.0,1,1,75.0,1
4682.0,1,1,70.0,1
4683.0,1,1,75.0,1
4684.0,1,1,75.0,1
4685.0,1,1,70.0,1
4686.0,1,1,75.0,1
4687.0,1,1,70.0,3
4688.0,2,2,145.0,6
4689.0,1,1,75.0,1
4690.0,1,1,75.0,2
4691.0,1,1,70.0,1
4692.0,2,2,150.0,2
4693.0,1,2,65.0,1
4694.0,1,1,75.0,1
4695.0,1,1,75.0,1
4696.0,1,1,80.0,2
4697.0,1,1,75.0,1
4698.0,2,2,155.0,3
4699.0,1,1,75.0,1
4700.0,1,1,75.0,1
4701.0,1,1,70.0,3
4702.0,2,2,150.0,2
4703.0,1,2,80.0,2
4704.0,1,1,75.0,1
4705.0,1,1,75.0,1
4706.0,1,1,75.0,1
4707.0,1,1,75.0,1
4708.0,1,1,70.0,2
4709.0,1,1,70.0,1
4710.0,1,1,75.0,1
4711.0,1,1,75.0,1
4712.0,1,1,70.0,1
4713.0,1,1,75.0,1
4714.0,1,1,80.0,2
4715.0,1,1,75.0,1
4716.0,1,1,70.0,1
4717.0,1,1,70.0,1
4718.0,1,1,75.0,1
4719.0,1,1,75.0,1
4720.0,1,1,75.0,1
4721.0,1,1,75.0,1
4722.0,1,1,80.0,2
4723.0,1,1,80.0,2
4724.0,1,1,75.0,1
4725.0,1,1,75.0,1
4726.0,1,1,70.0,1
4728.0,1,1,80.0,2
4729.0,2,2,150.0,2
4730.0,2,2,140.0,2
4731.0,1,1,75.0,1
4732.0,1,1,70.0,1
4733.0,1,1,75.0,1
4734.0,1,1,80.0,2
4735.0,1,1,80.0,2
4736.0,1,1,70.0,3
4737.0,1,1,75.0,1
4738.0,2,2,145.0,2
4739.0,1,1,75.0,1
4740.0,1,1,75.0,1
4741.0,1,1,70.0,1
4742.0,1,1,70.0,3
4743.0,1,1,70.0,3
4744.0,1,1,70.0,1
4745.0,1,1,75.0,1
4746.0,1,1,75.0,5
4747.0,1,1,75.0,1
4748.0,1,1,75.0,1
4749.0,1,1,75.0,1
4750.0,1,1,75.0,2
4751.0,1,1,75.0,1
4752.0,1,1,75.0,1
4753.0,1,1,75.0,1
4754.0,1,1,70.0,3
4755.0,2,2,150.0,2
4756.0,2,2,140.0,4
4757.0,1,1,80.0,2
4758.0,1,1,75.0,1
4759.0,1,1,70.0,1
4760.0,1,1,80.0,2
4761.0,2,2,145.0,2
4762.0,2,2,150.0,2
4763.0,1,1,75.0,2
4764.0,1,1,70.0,3
4765.0,1,1,80.0,2
4766.0,1,1,80.0,2
4767.0,1,1,80.0,2
4768.0,1,1,75.0,1
4769.0,1,1,75.0,2
4770.0,1,1,80.0,2
4771.0,1,1,75.0,1
4772.0,1,1,80.0,2
4773.0,1,1,75.0,1
4774.0,1,1,75.0,1
4775.0,1,1,75.0,1
4776.0,2,2,160.0,4
4777.0,1,1,70.0,1
4778.0,1,1,80.0,1
4779.0,1,1,75.0,1
4781.0,1,1,70.0,1
4782.0,1,1,75.0,1
4783.0,1,1,70.0,1
4784.0,1,1,75.0,1
4785.0,2,2,150.0,2
4786.0,1,1,75.0,2
4787.0,1,1,70.0,1
4788.0,1,1,70.0,3
4789.0,1,1,75.0,1
4790.0,1,1,75.0,1
4791.0,1,1,80.0,2
4792.0,1,1,70.0,3
4793.0,1,1,75.0,1
4794.0,1,1,75.0,3
4795.0,1,1,75.0,1
4796.0,1,1,75.0,1
4798.0,1,1,75.0,2
4799.0,1,1,75.0,3
4800.0,1,1,75.0,1
4801.0,1,1,75.0,1
4802.0,1,1,70.0,1
4803.0,2,2,145.0,6
4804.0,1,1,75.0,1
4805.0,1,1,75.0,1
4806.0,1,1,75.0,1
4807.0,1,1,75.0,1
4808.0,1,1,75.0,1
4809.0,1,1,70.0,3
4810.0,1,1,75.0,1
4811.0,1,1,75.0,1
4813.0,1,1,70.0,1
4814.0,1,1,75.0,1
4815.0,2,2,160.0,4
4816.0,1,1,70.0,1
4817.0,1,1,80.0,2
4818.0,1,1,75.0,1
4819.0,1,1,75.0,1
4820.0,1,1,70.0,1
4821.0,1,1,75.0,1
4822.0,1,1,75.0,1
4823.0,1,1,75.0,1
4824.0,1,1,75.0,1
4825.0,1,1,75.0,2
4826.0,1,1,70.0,1
4827.0,1,1,80.0,2
4828.0,1,1,80.0,2
4829.0,1,1,75.0,1
4830.0,3,3,210.0,3
4831.0,1,1,80.0,2
4832.0,1,1,75.0,1
4833.0,1,1,70.0,2
4834.0,1,1,75.0,1
4835.0,1,1,75.0,1
4836.0,1,1,70.0,1
4837.0,1,1,75.0,1
4838.0,1,1,70.0,1
4839.0,1,1,80.0,2
4840.0,1,1,80.0,2
4841.0,1,1,75.0,1
4842.0,2,2,150.0,2
4843.0,1,1,75.0,1
4844.0,2,2,150.0,4
4845.0,1,1,75.0,1
4846.0,1,1,75.0,1
4847.0,1,1,75.0,1
4848.0,1,1,75.0,1
4849.0,1,1,70.0,3
4850.0,1,1,75.0,1
4851.0,1,1,75.0,1
4852.0,1,1,75.0,1
4853.0,2,2,150.0,2
4854.0,1,1,75.0,1
4855.0,1,1,70.0,3
4856.0,1,1,80.0,2
4857.0,1,1,70.0,3
4858.0,1,1,75.0,1
4859.0,1,1,75.0,2
4860.0,2,2,150.0,3
4861.0,1,1,75.0,2
4862.0,1,1,80.0,2
4863.0,2,3,150.0,2
4864.0,1,1,70.0,3
4865.0,1,1,80.0,2
4866.0,1,1,75.0,1
4867.0,1,1,75.0,1
4868.0,1,1,75.0,1
4869.0,1,1,70.0,1
4870.0,1,1,75.0,1
4871.0,1,1,75.0,1
4872.0,1,1,75.0,1
4873.0,1,1,75.0,1
4874.0,2,2,140.0,2
4875.0,1,1,70.0,3
4876.0,1,1,70.0,1
4877.0,2,2,150.0,2
4878.0,1,1,70.0,1
4879.0,1,1,70.0,3
4880.0,1,1,75.0,1
4882.0,1,1,70.0,3
4883.0,1,1,75.0,1
4884.0,1,1,75.0,1
4885.0,1,1,75.0,1
4886.0,1,1,80.0,2
4887.0,1,1,75.0,1
4888.0,1,1,75.0,1
4889.0,2,4,140.0,4
4890.0,1,1,75.0,1
4891.0,1,1,80.0,2
4892.0,1,1,75.0,1
4893.0,1,1,75.0,1
4894.0,1,1,80.0,2
4895.0,1,1,75.0,1
4896.0,1,1,80.0,2
4897.0,1,1,70.0,3
4898.0,1,1,70.0,1
4899.0,1,1,75.0,1
4900.0,1,1,75.0,1
4901.0,1,1,70.0,3
4902.0,1,1,70.0,1
4903.0,1,1,75.0,3
4904.0,1,1,75.0,1
4905.0,1,1,70.0,3
4906.0,1,1,80.0,2
4907.0,1,1,75.0,1
4909.0,1,1,75.0,1
4910.0,1,1,75.0,1
4911.0,1,1,70.0,3
4912.0,1,1,75.0,1
4913.0,1,1,75.0,1
4914.0,4,8,260.0,4
4915.0,1,1,80.0,2
4916.0,1,1,75.0,1
4917.0,1,1,75.0,1
4918.0,1,1,75.0,1
4919.0,1,1,75.0,1
4920.0,1,1,75.0,1
4921.0,1,1,75.0,1
4922.0,1,1,35.0,2
4923.0,1,1,80.0,2
4924.0,1,1,80.0,2
4925.0,1,1,75.0,2
4926.0,1,1,75.0,1
4927.0,1,1,75.0,1
4928.0,1,1,75.0,1
4929.0,1,1,80.0,2
4930.0,1,1,75.0,1
4931.0,1,1,75.0,1
4932.0,1,1,70.0,3
4933.0,1,1,75.0,1
4934.0,1,1,75.0,1
4935.0,1,1,75.0,1
4936.0,1,1,80.0,2
4937.0,1,1,75.0,1
4938.0,1,1,75.0,1
4939.0,1,1,70.0,3
4940.0,1,1,75.0,1
4941.0,1,1,70.0,3
4942.0,1,1,75.0,1
4943.0,1,1,75.0,2
4944.0,1,1,70.0,1
4945.0,1,1,75.0,1
4946.0,1,1,75.0,1
4947.0,1,1,75.0,1
4949.0,1,1,75.0,1
4950.0,1,1,75.0,1
4951.0,1,1,75.0,1
4952.0,1,1,70.0,1
4953.0,1,1,75.0,1
4955.0,1,1,75.0,1
4956.0,1,1,75.0,1
4957.0,1,1,75.0,1
4958.0,1,1,75.0,1
4959.0,1,1,75.0,1
4960.0,1,1,75.0,1
4961.0,1,1,75.0,1
4962.0,1,1,80.0,2
4963.0,1,1,75.0,1
4964.0,1,1,75.0,1
4965.0,1,1,75.0,1
4966.0,1,1,75.0,1
4967.0,1,1,70.0,1
4968.0,1,1,75.0,1
4969.0,1,1,75.0,1
4970.0,1,1,75.0,1
4971.0,1,1,75.0,3
4972.0,1,1,75.0,1
4973.0,1,1,75.0,2
4974.0,1,1,75.0,1
4975.0,1,1,75.0,1
4976.0,1,2,70.0,1
4977.0,1,1,74.0,1
4978.0,1,1,70.0,5
4979.0,1,1,75.0,2
4980.0,1,1,75.0,1
4981.0,1,1,75.0,1
4982.0,1,1,75.0,1
4983.0,1,1,75.0,3
4984.0,1,1,70.0,3
4985.0,1,1,75.0,1
4986.0,1,1,75.0,1
4987.0,1,1,75.0,1
4988.0,1,1,75.0,1
4989.0,1,1,75.0,1
4990.0,1,1,75.0,2
4991.0,1,1,75.0,1
4992.0,1,1,75.0,1
4993.0,1,1,70.0,1
4994.0,1,150,65.0,1
4995.0,1,1,80.0,2
4996.0,1,1,70.0,3
4997.0,1,1,75.0,1
4998.0,1,1,75.0,1
4999.0,1,1,75.0,1
5000.0,1,1,75.0,1
5001.0,1,1,75.0,1
5002.0,1,1,80.0,2
5003.0,1,1,80.0,2
5004.0,1,1,75.0,1
5005.0,1,1,70.0,1
5006.0,1,1,75.0,1
5007.0,1,1,75.0,1
5009.0,1,1,80.0,2
5010.0,1,1,75.0,1
5011.0,1,1,70.0,3
5012.0,1,1,80.0,2
5013.0,1,1,75.0,1
5014.0,1,1,75.0,1
5015.0,1,1,75.0,2
5016.0,1,1,70.0,1
5017.0,1,1,75.0,1
5018.0,1,1,80.0,2
5020.0,1,1,70.0,1
5021.0,1,1,70.0,1
5022.0,1,1,75.0,2
5023.0,1,1,80.0,2
5024.0,1,1,75.0,1
5025.0,1,1,80.0,2
5026.0,1,1,70.0,1
5027.0,1,1,75.0,1
5028.0,1,1,75.0,1
5029.0,1,1,75.0,1
5030.0,1,1,75.0,1
5031.0,1,1,75.0,1
5032.0,1,1,80.0,2
5033.0,1,1,75.0,1
5034.0,1,1,70.0,1
5035.0,1,1,75.0,1
5036.0,1,1,80.0,2
5037.0,1,1,80.0,2
5038.0,1,1,70.0,2
5039.0,1,1,75.0,1
5040.0,1,2,80.0,2
5041.0,1,1,70.0,3
5042.0,1,1,75.0,1
5043.0,1,1,75.0,1
5044.0,1,1,75.0,1
5045.0,1,1,80.0,2
5046.0,1,1,75.0,1
5047.0,1,1,75.0,1
5048.0,1,1,70.0,1
5049.0,1,1,75.0,1
5050.0,1,1,75.0,1
5051.0,1,1,70.0,1
5053.0,1,1,80.0,2
5054.0,1,1,75.0,1
5055.0,1,1,80.0,2
5056.0,1,1,75.0,1
5057.0,1,1,75.0,3
5058.0,1,1,75.0,1
5059.0,1,1,75.0,1
5060.0,1,1,80.0,2
5061.0,1,1,75.0,1
5062.0,1,1,75.0,2
5063.0,1,1,75.0,1
5065.0,1,1,75.0,1
5066.0,1,1,75.0,1
5067.0,1,1,75.0,1
5068.0,1,1,75.0,1
5069.0,1,1,75.0,1
5070.0,1,1,75.0,2
5071.0,1,3,65.0,1
5072.0,1,1,75.0,1
5073.0,1,1,80.0,2
5074.0,1,1,75.0,1
5075.0,1,1,70.0,3
5076.0,1,1,75.0,1
5077.0,1,1,75.0,2
5078.0,1,1,70.0,1
5079.0,1,1,75.0,1
5080.0,1,1,75.0,1
5081.0,1,1,75.0,1
5082.0,1,1,75.0,1
5083.0,1,1,75.0,1
5084.0,1,1,75.0,1
5085.0,1,1,75.0,1
5086.0,1,1,75.0,1
5087.0,1,1,75.0,1
5088.0,1,1,75.0,2
5089.0,1,1,75.0,1
5090.0,1,1,75.0,1
5091.0,1,1,75.0,1
5092.0,1,1,75.0,1
5093.0,1,1,70.0,1
5094.0,1,1,75.0,1
5095.0,1,1,75.0,2
5096.0,1,1,70.0,3
5098.0,1,1,75.0,1
5099.0,1,1,75.0,1
5100.0,1,1,75.0,2
5101.0,1,1,75.0,1
5102.0,1,1,75.0,1
5103.0,1,1,75.0,1
5104.0,1,1,75.0,1
5105.0,1,1,75.0,1
5106.0,1,1,75.0,1
5107.0,1,1,70.0,1
5108.0,1,1,75.0,1
5109.0,1,1,70.0,1
5110.0,1,1,75.0,1
5111.0,1,1,75.0,1
5112.0,1,1,75.0,1
5113.0,1,1,75.0,1
5114.0,1,1,70.0,1
5115.0,1,1,70.0,1
5116.0,1,1,70.0,1
5117.0,1,1,75.0,1
